0.233265
0.005453
0.213614
0.900491
-0.363348
0.278622
0.285132
-0.552847
-0.119066
-0.149141
0.148118
0.194777
0.241785
0.741718
0.401298
-0.810905
0.940180
0.685778
-0.407246
0.185009
-0.347086
-0.073316
-0.273840
0.419173
0.082406
-0.092624
-0.350425
-0.074126
0.381422
0.476100
-0.090649
-0.343320
-0.174472
-0.077443
0.217877
-0.663131
0.868253
-0.571147
-0.679653
0.080627
0.242077
0.470333
-0.279076
-0.162661
0.640400
0.246642
-0.393837
0.329674
-0.347004
0.126295
-0.115570
-0.164082
0.271499
-0.892663
0.108684
-0.709218
0.244940
-0.266019
-0.006019
0.785433
-0.392141
0.193964
-0.224710
0.058963
0.153174
-0.074282
0.293042
-0.695947
-0.439360
0.144938
-0.553790
0.227305
0.060567
0.122119
-0.821417
0.049848
0.280967
-0.317482
-0.319479
0.363986
-0.440294
-0.498731
0.125986
-0.508101
0.396245
-0.102277
1.235440
-0.071141
-0.062930
0.644644
-0.091555
0.888645
0.294583
-0.610154
0.133727
0.220516
-0.038897
0.185657
-0.798820
-0.751866
0.246392
-0.033999
-0.652946
-0.107459
0.322423
-0.190154
-0.431822
-0.064502
-0.239057
0.086059
-0.410578
0.077186
-0.421685
-0.490750
0.380886
-0.427460
0.253707
-0.039027
-0.476402
-0.352187
0.470477
0.085695
-0.113812
0.096343
-0.751640
-0.124554
0.327980
0.303642
0.338015
0.040209
0.733119
-0.301725
-0.325712
-0.338971
0.373846
-0.427903
-0.303875
-0.325086
-0.554922
0.019813
-0.369636
-0.423419
0.290589
0.074530
0.038823
0.287742
-0.113284
0.218952
0.253676
-0.216453
0.496190
0.428857
-0.024817
0.119614
0.154628
-0.460753
0.049034
-0.100788
0.512071
1.074440
-0.572965
0.818151
0.677868
0.821520
-0.718233
-0.416213
0.355871
-0.105504
-0.023013
0.745775
0.555115
0.356918
-0.478690
-0.117563
-0.588161
-0.115496
0.292044
0.886995
-0.220518
0.138263
-0.364525
0.079324
0.463875
0.507493
-0.323892
-0.796931
0.400284
-0.587934
-0.241235
-0.512553
-0.057175
0.443468
