0.352969
0.178899
-0.073823
-0.104597
0.013176
0.033325
0.153121
0.314308
-0.556411
-0.208083
0.278653
-0.148125
-0.196342
0.028370
-0.503137
-0.026321
-0.105446
-0.045241
-0.184470
-0.138466
-0.515758
-0.020996
0.308080
-0.091252
0.057322
0.112919
0.399477
0.370666
-0.374080
-0.120388
-1.017770
0.366394
0.564036
-0.448464
0.907298
-0.414917
0.027088
-0.199038
0.673004
-0.302977
-0.167909
0.023359
0.120614
0.244411
0.325395
-0.102047
-0.159272
-0.077022
0.490833
-0.394594
-0.388161
-0.161392
-0.130245
0.079172
0.495831
-0.194176
0.071904
0.291281
-0.669853
-0.195894
0.604704
-0.275205
0.070708
-0.111683
-0.251175
0.310276
0.258995
0.012783
-0.403234
-0.200613
0.093061
-0.591637
0.178662
-0.459942
-0.113583
0.126789
-0.332667
0.307144
0.034058
0.445116
0.125355
-0.363061
0.160609
-0.016664
-0.286077
0.405609
0.050325
0.324786
-0.428145
-0.107909
0.573720
-0.022991
0.099640
0.081616
-0.116059
-0.107867
-0.111752
0.103749
0.063574
-0.571239
0.321160
0.457869
0.218498
0.429282
-0.134081
-0.138720
0.048720
-0.317753
-0.112832
0.152604
-0.000069
-0.186305
-0.382294
0.241315
0.326299
0.625324
-0.281994
0.174857
-0.483558
0.178601
0.237113
-0.428138
-0.023278
-0.129969
0.010387
0.271810
-0.266537
-0.150720
-0.316552
0.044398
-0.227954
0.142949
0.536884
-0.312859
-0.137086
0.240465
0.569708
0.098918
0.141153
0.254546
0.748661
-0.004501
0.199586
-0.132515
-0.013742
0.148196
0.139631
-0.116446
-0.442816
0.103469
-0.326161
-0.354362
0.062449
0.007209
0.617670
0.496920
-0.578043
0.435345
-0.380588
-0.561048
0.206550
0.048262
-0.171932
0.545693
0.517800
0.048365
-0.144450
0.287771
0.488127
0.000282
0.097994
0.480074
-0.016341
-0.134910
0.095645
-0.048710
-0.356146
-0.467819
0.353423
-0.115453
0.396640
-0.990587
-0.116480
0.068423
-0.489726
-0.235205
-0.025389
0.351615
-0.172778
-0.529881
-0.351746
0.234795
