-0.039064
0.277757
-0.189734
0.150759
-0.135796
-0.059950
-0.441144
0.179878
0.247548
0.053632
0.338424
-0.144686
0.096244
0.175206
-0.225468
0.601474
-0.232222
0.116076
0.166097
-0.884513
0.106205
-0.357964
0.713384
0.397879
-0.120768
0.434918
-0.388990
-0.187970
0.098119
0.292429
-0.723455
0.624805
0.497264
-0.675844
0.842744
0.322888
-0.235147
0.371063
0.275773
-0.963579
-0.512084
-0.345049
0.095247
0.449796
-0.132527
0.161152
-0.169886
-0.407316
0.366732
-0.596943
0.606234
0.066581
-0.093002
0.116156
0.164989
-0.193272
0.020917
0.179612
-0.074930
-0.169571
0.415440
-0.678502
-0.115146
0.400091
-0.092276
0.499071
-0.043339
-0.055747
-0.475195
-0.048270
-0.377919
-0.210442
-0.316033
-0.141047
-0.031679
-0.100270
0.096753
-0.168752
0.440173
-0.078095
-0.160946
0.407101
-0.347575
0.499788
-0.446453
0.421427
0.463193
0.017315
0.358049
-0.420660
-0.102989
-0.030570
0.517505
0.070863
0.114787
-0.023468
-0.063056
-0.072339
0.067120
-0.049231
-0.349108
-0.370267
-0.415055
-0.065435
0.165995
0.409899
0.264357
-0.127673
0.343812
-0.665243
0.524233
0.282602
-0.370127
0.742431
0.765292
0.421676
0.073309
0.111865
-0.535972
-0.161162
-0.561846
-0.195268
0.091541
-0.222271
0.462603
-0.616751
0.655899
-0.090419
0.221468
0.608639
-0.772881
-0.276246
0.021711
-0.258353
-0.581361
0.574004
0.249976
-0.221108
-0.010090
0.008362
0.152062
0.140047
0.532443
0.132143
0.133620
0.231479
0.375708
-0.116479
-0.012420
-0.065466
-0.280830
-0.081925
0.100390
0.089633
0.082178
-0.584309
-0.727966
0.299702
-0.430153
-0.136184
0.051372
-0.675684
-0.381153
0.314987
0.399372
0.351788
0.116280
0.152864
0.104713
-0.090357
0.441893
0.272550
0.626055
-0.102790
0.155134
-0.368448
0.022806
-0.559161
-0.658946
0.077679
0.171363
-0.578613
0.145978
-0.109188
0.012159
-0.393963
-0.493990
0.464017
-0.302345
-0.117287
0.225476
-0.287059
