0.403301
-0.243228
-0.072007
0.754665
-0.341340
0.121788
-0.478210
0.463842
-0.060280
0.389741
-0.124151
-0.482881
0.560478
0.192312
-0.174559
-0.146583
0.233101
-0.032758
0.126170
-0.125388
-0.440189
-0.366064
0.958948
0.402676
0.132258
-0.217997
-0.508292
-0.093736
0.383182
0.563268
-0.563125
-0.456708
0.112410
0.116476
0.500850
-0.781373
0.287451
0.052345
0.044126
-0.160220
-0.150141
-0.141448
0.189401
-0.093881
0.937413
-0.015046
-0.553540
0.090899
-0.326954
0.047209
-0.184833
-0.260369
0.243004
-0.845272
0.388459
-0.833708
-0.087789
0.257276
-0.414418
0.281190
0.484171
-0.541328
-0.293435
-0.178309
-0.210540
0.228175
-0.192015
-0.174341
-0.227063
-0.241378
-0.186025
-0.280208
-0.158437
-0.080251
-0.421598
0.073223
-0.220108
-0.136146
0.521416
-0.071905
-0.561685
-0.197802
-0.406423
-0.033249
-0.256104
0.234147
0.299600
-0.059883
-0.047374
0.450068
0.510942
0.762162
-0.436559
-0.270737
-0.216975
0.024212
0.114188
-0.158330
-0.309793
-1.186130
-0.142332
0.127563
-0.564203
0.277205
0.486410
0.409481
0.076646
0.132065
-0.587466
-0.182888
-0.094143
-0.194875
-0.177968
0.458791
0.837774
0.420486
-0.058067
-0.211773
-0.815124
0.203276
0.412363
0.141534
0.179538
-0.425154
-0.249384
0.175933
0.012102
-0.037928
0.567217
0.129131
0.073953
-0.081395
0.072190
-0.327291
0.101901
0.516306
0.152274
0.102419
0.065601
-0.197292
-0.116612
-0.211886
0.706460
-0.390816
-0.438104
0.331046
0.081255
0.303143
0.325275
-0.245040
0.013591
0.107489
0.246982
0.170073
0.175385
-0.443634
-0.066605
0.550321
-0.016717
0.289068
-0.998952
-0.058113
-0.020792
1.127060
-0.094099
-0.199863
0.584289
0.118721
0.439437
0.447072
0.610143
0.507800
0.338492
0.005351
-0.422558
-0.109450
0.343582
0.126916
0.012546
0.536571
-0.303864
-0.775070
0.475542
0.519612
-0.514109
-0.519669
-0.367017
0.303739
-0.255498
-0.968941
0.173512
0.376137
