-0.312766
-0.026235
0.080332
-0.085299
-0.096694
-0.742460
0.141124
-0.134611
0.147995
-0.623356
0.335643
0.053293
-0.319428
0.260861
0.134793
-0.710455
0.432880
0.159853
-0.567333
0.054749
0.484536
0.061868
-0.254829
-0.160697
-0.287767
-0.199467
0.398955
0.259003
-0.203427
0.206396
0.678212
0.460430
0.699078
-0.574052
0.304942
0.419723
-0.717744
-0.583371
0.050775
0.416680
0.000723
-0.261662
0.274141
-0.708318
-0.449206
0.049881
0.252621
0.256569
0.178979
0.566807
-0.150539
0.641940
-0.666757
0.173350
0.308176
0.758280
-0.197743
-0.223711
-0.326295
-0.429088
0.465084
0.101902
0.218959
-0.074759
0.245498
0.254667
0.397199
0.593121
-0.512653
-0.042709
-0.016465
-0.085913
0.340379
-0.065139
0.210503
0.456438
-0.497802
0.509330
-0.503516
0.545820
-0.017880
-0.511665
0.366833
-0.239240
0.173706
-0.105576
0.583598
-0.139963
-0.630215
0.077345
0.423961
0.010261
0.537410
-0.109201
0.563474
-0.313291
-0.180339
0.542185
0.236336
0.606514
0.340296
-0.002147
-0.003095
-0.146954
-0.633962
0.072605
-0.348723
0.107160
0.517527
-0.433976
0.017403
0.983298
-0.333960
-0.588029
-0.162890
-0.676664
-0.455587
-0.464620
0.582634
-0.068291
0.593688
-0.216116
-0.132237
0.385885
-0.090107
0.072574
-0.458548
-0.182110
-0.223136
-0.586656
-0.000864
-0.627512
-0.052632
0.058583
-0.061684
-0.768445
0.685173
0.070235
-0.791284
0.507868
0.802078
0.686144
-0.565341
0.432047
-0.340379
-0.244175
0.256956
-0.329278
0.109640
0.402603
0.547634
-0.262064
-0.251855
-0.093854
-0.095584
0.980311
-0.422370
-0.707320
0.455122
-0.138865
0.669828
0.206361
0.588052
-0.741649
-0.197693
-0.353064
-0.597972
0.119055
-0.354034
0.237457
-0.222996
-0.218292
-0.217545
-0.324777
0.299164
0.290086
-0.806430
0.216912
0.386736
-0.795235
0.595270
0.353078
-0.410899
0.109893
0.043430
-0.231405
0.292668
0.091282
-0.315110
-0.239655
-0.376798
0.093656
