0.312688
0.033733
-0.442952
0.568366
0.291153
0.089422
0.970738
-0.929854
-0.704261
0.002656
-0.164718
0.373451
-0.143966
-0.587862
0.580611
0.118253
0.678458
0.137842
-0.369426
0.563625
-0.388697
-0.169509
-0.170400
-0.226346
-0.459961
0.177911
0.734907
0.068966
0.622265
-0.801615
0.109219
-0.026459
-0.389965
-0.058437
-0.534287
-0.670799
0.299551
-0.321364
0.017219
-0.047627
0.219442
0.670502
-0.295163
0.456531
0.205091
0.460666
-0.388275
0.662614
-0.132523
0.115587
-0.286242
-0.093879
-0.111692
0.061714
0.650671
-0.576253
-0.013597
0.087316
-0.852499
0.277762
-0.614668
0.477018
-0.368764
-0.061828
0.091246
-0.827094
0.141468
-0.640655
0.435546
0.848895
-0.398522
-0.740845
0.023323
-0.301066
0.028277
-0.240909
-0.053557
0.020974
-0.403081
0.780482
-0.087493
-0.909114
0.200080
-0.643324
0.569005
0.221970
0.406738
-0.064222
0.453389
0.694140
-0.206373
0.097798
0.067972
0.235001
-0.385298
-0.431928
-0.521776
0.494650
-0.311340
-0.671372
0.314448
-0.157000
0.312278
0.034082
0.301139
-0.941973
-0.390679
0.273968
0.431992
0.269223
-0.269994
0.269350
-0.095963
-0.532188
-0.480797
-1.129070
0.248020
0.153183
0.348025
-0.674606
-0.133678
0.187556
-0.501556
0.075022
-0.131505
-0.215325
0.633900
0.000493
-0.183184
-0.640606
0.326575
1.063670
-0.021756
0.283208
0.289004
-0.816138
0.220436
-0.061289
-0.274296
0.331533
-0.669637
-0.231543
-0.288199
0.176880
-0.012048
0.101623
0.231360
0.180088
-0.202637
0.541278
-0.038272
0.050634
0.112503
-0.283803
0.743202
0.045632
0.212624
-0.028978
0.138458
0.315625
0.546443
0.864392
0.227567
0.215851
-0.133313
0.084339
0.392788
-0.325490
-0.280383
0.015780
0.923065
0.042856
-1.105980
0.084977
0.633990
0.113124
0.255134
0.643168
-0.157953
0.021940
-0.623281
0.495123
-0.075085
-0.723375
-0.499733
-0.538646
0.892911
-0.348827
0.207317
0.390105
-0.143203
0.429063
