-0.064196
-0.201949
-0.141840
0.914534
0.181399
0.043675
0.551321
-0.836764
-0.437437
-0.041113
0.007161
0.380277
0.292839
-0.135546
0.698273
-0.448840
0.825222
0.363279
-0.488082
0.916561
-0.000864
0.055758
0.129410
-0.294775
-0.338076
-0.026990
0.296291
-0.046183
0.576897
-0.369910
0.532726
-0.202949
-0.433975
0.221132
-0.756955
-0.598503
0.566653
-0.222870
-0.513480
0.226580
0.153443
0.278743
-0.142726
0.137131
0.415625
0.194162
-0.420097
0.604382
-0.186915
0.057240
-0.574559
-0.119968
0.113164
-0.460762
-0.046195
-0.633112
0.060914
-0.151826
-0.070240
0.590223
-1.026020
0.414722
-0.277964
-0.159581
0.400453
-0.749917
0.045601
-0.799974
0.621145
0.637996
-0.086257
-0.219379
0.264960
-0.612485
-0.227295
-0.313255
0.207809
0.226230
-0.363568
0.296342
0.060773
-0.735383
-0.065463
-0.328955
0.355948
0.230297
0.305706
-0.250795
0.228785
0.799859
-0.446123
0.572225
-0.166397
0.077891
-0.491701
-0.230220
-0.698852
0.076369
-0.457293
-0.534786
0.243951
-0.153323
0.116152
0.059523
0.817460
-0.147987
-0.322336
0.417577
0.226051
0.128834
-0.117183
0.166546
0.313113
-0.509330
-0.235090
-1.185810
0.444890
-0.089542
0.186838
-1.053120
0.079158
0.480780
-0.303417
0.104798
-0.452986
-0.330185
0.579783
-0.323582
0.125061
-0.290447
0.475550
0.425250
0.028899
0.253992
0.167756
-0.614596
-0.163149
-0.079230
0.036632
0.272411
-1.254550
-0.360774
-0.265752
0.012076
-0.161923
0.065844
0.070317
0.429846
0.146082
0.151565
-0.086484
0.532454
-0.168809
-0.434916
0.419344
-0.321384
0.508700
-0.027602
0.199926
0.754707
-0.052361
0.632089
0.434654
0.127226
-0.357569
-0.110308
0.500312
-0.288115
-0.228274
0.185681
0.767056
-0.107304
-0.916229
0.023728
0.131073
-0.049645
0.427650
1.227640
-0.254713
0.413428
-0.838731
0.584463
0.150577
-0.247967
-0.320017
-0.428966
0.418918
-0.624798
0.293679
0.375166
0.021302
0.563235
