-0.734694
-0.219543
0.206283
-1.232810
0.294693
-0.740229
-0.276364
0.633972
0.763640
-0.080896
0.101905
-0.063706
-0.639934
-0.449170
-0.343716
0.238734
-0.534286
-0.489397
0.476127
-0.234873
0.678226
0.333584
-0.135548
0.028142
0.254619
-0.499038
-0.129048
-0.103707
-0.395564
0.452732
0.920623
0.406711
0.551182
0.148911
-0.218820
1.223510
-0.952661
0.459790
-0.159648
0.315109
-0.077092
-0.715923
0.546018
-1.112860
-0.811604
-0.154338
0.460691
-0.670080
-0.062489
0.171994
0.367738
0.485866
-0.505174
0.024904
-0.143624
1.167050
-0.643953
0.340201
1.193150
-0.896324
0.387322
-0.357627
0.503137
-0.285973
-0.323697
0.097430
0.084307
0.965343
-0.269970
-0.398820
0.354384
0.812421
0.207291
0.173578
0.525723
0.207037
-0.004696
0.314468
0.148269
-0.528911
0.330729
0.251435
0.300686
0.537865
-0.482895
-0.336682
-0.446161
0.063095
-0.388345
-0.871856
0.041219
-0.437632
-0.084923
0.193051
0.425359
0.307268
0.342838
-0.075873
0.419872
0.892902
0.097941
0.120685
0.080653
-0.606696
-0.376144
1.010960
0.047386
-0.055447
-0.034034
-0.087826
0.321360
0.023749
0.191044
0.163293
-0.362181
0.421421
-0.102328
-0.170053
0.489019
0.569154
0.278245
-0.156518
0.183867
0.113179
0.282389
0.110355
-0.739861
0.093010
-0.183931
0.162605
-0.329229
-0.463950
-0.095210
0.437182
-0.367499
-0.338604
-0.035831
0.126272
-0.614643
0.276384
1.078550
1.186120
-0.511430
0.074383
-0.162142
-0.313169
0.109076
-0.362818
0.109452
-0.300524
-0.068968
-0.038753
-0.375528
-0.007727
-0.511185
0.183431
-0.314183
-0.355075
0.138382
-0.540003
0.424410
-0.914066
0.041881
-1.022950
0.273734
0.030504
-0.838992
0.363029
-0.045854
-0.256641
-0.451950
-0.604441
0.700384
-0.140161
0.260854
0.270320
-0.360077
-0.708670
0.196302
-0.156095
0.551812
0.072611
-0.159117
0.428723
0.691376
0.418785
-0.467183
0.148476
-0.209052
0.137933
-0.158679
-0.427216
