-0.092958
-0.042924
0.075143
-0.166882
-0.102803
-0.253862
-0.379471
0.799103
0.260929
-0.343747
0.255961
-0.454252
-0.017348
0.023169
-0.315116
0.056873
-0.650776
-0.076483
0.085063
-1.047760
0.344922
-0.373043
0.072049
0.212679
0.249020
-0.164882
-0.105615
-0.276671
-0.345366
0.482406
-0.223191
0.311814
0.506176
-0.526110
1.079870
0.559410
-0.622119
0.105525
0.537044
-0.202464
-0.131122
-0.903320
0.274128
-0.509231
-0.535776
-0.137943
-0.111277
-0.481229
0.163475
0.137072
0.786257
0.666606
-0.404399
-0.176851
0.702995
0.368402
-0.408227
0.306329
-0.082294
-0.663811
0.928118
-0.475172
0.230588
0.430138
-0.399011
0.609269
0.101488
0.707856
-0.899694
-0.386959
0.055278
-0.115662
-0.114927
0.090672
0.338070
0.477595
-0.257716
-0.343497
0.198674
0.158799
-0.211327
0.296748
0.169333
0.475363
-0.475037
-0.078024
0.634781
-0.208686
-0.224621
-0.792019
0.199951
-0.340999
0.370598
0.040440
0.799692
0.086235
0.482035
0.092875
0.795046
0.645891
-0.181871
-0.202143
-0.765150
-0.061907
-0.373277
0.491851
0.130956
-0.459743
-0.097300
-0.216322
-0.007037
0.221316
-0.488209
0.355427
-0.026738
-0.051874
-0.430362
-0.424589
-0.017044
0.168510
0.461589
0.090321
-0.130959
-0.598543
0.215211
0.439221
0.100442
0.097877
-0.150890
0.656152
-0.962143
-0.840864
0.081238
0.114513
-0.262112
0.412721
0.374394
0.102003
-0.150622
-0.227874
1.408870
0.628986
0.274271
0.597421
0.016879
-0.222845
0.058475
-0.544561
0.230165
0.006981
0.153379
-0.180378
0.381685
0.064642
-0.285812
0.546458
-1.012070
-0.019495
0.151676
-0.242136
0.516684
-0.410296
-0.229925
-0.194977
0.302213
-0.014685
-0.414572
0.553307
0.145629
-0.103013
-0.678400
-0.021367
0.850982
-0.346194
0.234986
0.035349
-0.221042
-0.364146
-0.456431
-0.839020
0.551864
-0.054135
-0.126959
0.162220
0.586808
0.209045
-0.761970
0.696190
-0.144711
-0.888101
0.066089
-0.225458
