-0.693584
0.313409
-0.056475
-0.969383
0.146228
-0.585763
0.090877
-0.261103
0.450227
-0.353560
0.065351
0.209293
-0.407012
0.213770
-0.002482
0.331116
-0.259611
-0.007013
-0.172258
-0.432630
0.706385
0.408553
-0.701797
-0.450225
-0.224874
0.415401
0.144867
0.321130
-0.602237
-0.532252
0.259514
0.375449
0.368713
-0.410168
-0.094839
0.892934
-0.499962
-0.049497
0.098871
0.145547
0.085473
-0.069115
-0.169434
0.183799
-0.971013
-0.146655
0.649088
-0.024381
0.514767
-0.327638
0.110157
0.523812
-0.217381
1.326620
-0.665379
1.127260
0.155978
-0.314667
0.298960
-0.683532
-0.073203
0.234795
0.383620
0.203930
0.330644
0.177602
0.294535
0.470870
-0.146789
-0.035896
0.116214
0.107345
0.241955
0.082532
0.377853
0.151294
-0.205540
0.145481
-0.274544
0.025678
0.449916
0.632288
0.144839
0.130923
-0.018237
-0.363233
-0.463741
0.213769
-0.407663
-0.833560
-0.118083
-0.754984
0.513218
0.056925
0.468617
-0.239658
-0.101144
0.072547
0.354378
1.316740
0.147191
-0.195637
0.444468
-0.291593
-0.713601
-0.165339
-0.104015
-0.058926
0.783369
-0.019891
0.572285
0.648309
0.091084
-0.175655
-0.428309
0.277237
-0.058225
0.068413
0.807363
0.440032
-0.403862
-0.445167
0.174736
0.624449
0.497914
-0.208526
-0.590342
0.108545
-0.489352
-0.548649
-0.249682
-0.177986
-0.004023
0.305723
-0.137812
-0.145874
0.198992
-0.031956
-0.201033
0.504664
0.467824
0.568595
-0.709927
0.327891
0.223931
-0.372772
0.223400
-0.273495
-0.037412
0.353799
0.171637
-0.485361
-0.366584
-0.064406
-0.553629
0.654048
-0.482116
-0.525100
0.008318
-0.378697
0.846680
-0.248349
0.073537
-1.215050
0.169940
0.204730
-1.076540
-0.030517
-0.268284
-0.434811
-0.911157
-0.538582
0.225384
-0.068021
0.095444
0.411086
-0.637656
-0.503905
0.251790
-0.560938
0.480302
0.372892
-0.387056
-0.259646
0.511813
0.419299
0.150581
0.002729
0.199126
0.660084
-0.182901
-0.591126
