-0.479965
-0.384279
0.010133
-1.070650
0.076801
-0.525511
-0.380902
0.542397
0.701536
-0.071150
0.082415
-0.047335
-0.687951
-0.177897
-0.192731
0.066125
-0.521396
-0.418419
0.358050
-0.009263
0.663619
0.280091
-0.091839
0.143029
0.104567
-0.244840
0.046421
-0.128583
-0.318797
0.507439
0.784837
0.496135
0.506243
0.202285
-0.204573
1.306840
-1.058630
0.528553
-0.007750
0.422895
-0.440033
-0.494920
0.696114
-0.979812
-0.705582
-0.080530
0.753892
-0.760720
-0.067138
0.194991
0.147080
0.182935
-0.480700
0.103700
-0.305823
1.042900
-0.528719
0.427121
0.878983
-0.683698
0.485533
-0.473086
0.253026
-0.007699
-0.177400
0.240353
-0.001847
1.055270
-0.042408
-0.463309
0.256217
0.674483
0.083174
0.454726
0.458872
0.068161
0.045832
0.482739
-0.003583
-0.478255
0.433847
0.345405
0.295698
0.416834
-0.374714
-0.225467
-0.650223
-0.151404
-0.212268
-0.398159
0.080385
-0.380734
0.068904
0.100048
0.261331
-0.015461
0.150859
0.037433
0.335126
0.880763
0.040137
0.228264
0.331937
-0.454591
-0.553172
0.907005
-0.058414
0.156822
0.290049
-0.529398
0.082878
0.246915
0.052406
0.138623
-0.022362
0.284512
-0.378398
0.004104
0.426709
0.499534
0.017880
-0.243281
0.226257
0.319246
0.226624
-0.099732
-0.617843
0.043029
-0.146796
0.196204
-0.405043
-0.526295
-0.208481
0.129748
-0.442341
-0.497515
0.093316
0.244378
-0.631805
0.216314
0.776684
0.800327
-0.312586
-0.097940
-0.289104
-0.182795
0.153350
-0.506901
0.054679
-0.133579
0.098164
-0.156769
-0.363816
0.245675
-0.521634
0.138012
-0.049197
-0.344020
0.128096
-0.692930
0.134165
-0.820580
-0.059796
-0.872632
0.347340
-0.057670
-0.531378
0.235592
-0.258068
-0.163800
-0.246465
-0.550098
0.696489
-0.132371
0.369947
0.130674
-0.429047
-0.717478
0.222109
-0.304540
0.756046
0.156610
-0.319891
0.211360
0.404357
0.280642
-0.222727
0.322812
-0.397441
0.201645
-0.061286
-0.272655
