0.254703
-0.370664
-0.024401
0.380010
-0.532995
-0.203504
-0.667601
0.694742
0.297694
0.287727
0.212740
-0.610157
0.201610
0.433355
-0.370824
-0.428716
0.210196
0.011052
-0.133641
-0.290803
-0.184984
-0.218917
1.000600
0.311784
0.249499
-0.311221
-0.339807
-0.093792
0.077574
0.855022
-0.354543
-0.117762
0.401245
-0.114395
0.602623
-0.365953
-0.074545
0.192695
0.095093
0.126346
-0.337196
-0.527561
0.425731
-0.496301
0.526417
-0.076595
-0.375820
-0.216575
-0.052961
-0.053591
-0.334460
0.019305
-0.055478
-0.779325
0.053261
-0.397791
-0.178362
0.238077
-0.107502
-0.102432
0.816884
-0.645350
-0.164574
-0.128809
-0.151492
0.361158
-0.088058
0.152870
-0.376609
-0.429674
-0.082159
-0.096912
0.023307
-0.119905
-0.337658
0.155117
-0.288526
0.259635
0.569978
-0.065118
-0.338560
-0.054197
-0.400250
0.183508
-0.506964
0.165108
0.182372
-0.165357
-0.285498
0.156241
0.606563
0.648618
-0.227992
-0.159669
-0.136117
0.001580
-0.003037
-0.198265
-0.132816
-0.830331
0.169653
0.308798
-0.481384
0.248186
0.429377
0.984664
0.026462
0.062879
-0.582359
-0.502240
0.089609
0.079017
-0.277221
0.524076
0.937852
0.641374
-0.181439
-0.271501
-0.688925
0.320090
0.573290
-0.152359
0.320541
-0.307808
-0.179185
0.116308
-0.256821
-0.140620
0.423815
0.268272
-0.252989
-0.532100
0.074640
-0.324640
-0.221037
0.440018
0.331144
0.194205
-0.133730
0.128296
0.342537
0.085014
0.563534
-0.324443
-0.528860
0.171846
0.251238
0.229277
0.328386
-0.282667
-0.067960
0.131689
0.016829
0.173907
0.111316
-0.193252
-0.362588
0.545402
0.023728
-0.192427
-0.823853
-0.319834
0.012287
0.771626
0.218629
-0.146590
0.107135
0.368830
0.464606
0.456783
0.278912
0.373941
0.682964
-0.209139
-0.345793
-0.065601
0.040600
-0.170297
0.134908
0.486083
0.189923
-0.926423
0.285079
0.719974
-0.244835
-0.465680
-0.614030
0.418563
-0.460272
-0.970845
0.038305
0.358366
