-0.354381
0.297057
0.541448
-0.222825
0.463660
-0.159072
0.310992
0.153040
-0.049064
0.301898
-0.062245
-0.011515
0.114742
-0.718454
-0.271561
0.309824
-0.030979
-0.159047
0.415390
-0.304202
-0.202150
0.146852
0.071185
-0.248162
0.401188
-0.639178
-0.379799
0.023084
0.000754
-0.088728
0.356595
-0.177055
-0.100138
0.124557
-0.196046
-0.269463
0.501233
-0.094939
-0.440580
-0.594872
0.737189
-0.303263
-0.457213
-0.172570
-0.113235
-0.019383
-0.718386
0.243932
-0.184836
0.030527
0.562131
0.286135
0.015988
-0.488354
0.420300
0.072145
-0.270839
-0.213579
0.671652
-0.307120
-0.287779
0.291603
0.411669
-0.810882
-0.293535
-0.594686
0.015238
-0.421709
-0.210678
0.107875
0.210680
0.617789
0.119451
-0.532706
0.174382
0.083482
0.067966
-0.397338
0.498666
-0.240132
-0.189647
-0.417355
-0.119457
0.212115
-0.204868
-0.133364
0.449667
0.374469
0.026187
-0.680547
-0.216742
-0.001814
-0.588458
0.286619
0.146804
0.821195
0.410866
-0.366362
-0.059011
-0.452744
0.030073
-0.165345
-0.413147
-0.325384
0.495739
0.109790
0.525198
-0.493256
-1.075970
0.923410
0.315884
-0.888873
0.312384
0.078496
-0.607304
0.399525
0.691163
-0.073187
-0.050631
-0.047054
0.457106
0.143024
-0.116447
-0.576587
0.136146
0.530005
0.087629
0.109067
0.103205
0.158471
0.426646
0.506460
0.273459
0.519478
0.190196
0.215345
-0.425858
-0.379144
0.189095
-0.155328
0.298376
0.625089
-0.297558
0.061362
0.296924
-0.233253
-0.307498
0.571324
-0.303305
-0.538828
-0.512262
0.364251
0.059460
-0.353740
0.522738
-0.313668
-0.080859
0.128468
-0.267832
0.195315
0.373237
-0.206562
0.138573
0.036591
-0.168855
0.373368
-0.185209
0.128883
0.567407
-0.306805
0.048762
0.020856
-0.240177
0.189448
-0.240215
0.094459
0.371001
-0.071249
0.040767
0.723941
-0.518894
-0.359703
0.418998
0.484402
0.502925
0.267495
-0.527329
-0.476235
0.292129
0.003473
-0.262242
-0.218388
