-0.205151
-0.069755
-0.262338
0.042894
0.108427
-0.143752
-0.091979
-0.221890
0.354070
0.337764
-0.166369
0.257353
-0.047045
-0.029170
0.669729
0.564658
0.404051
-0.079182
0.147915
0.172817
0.358086
-0.296961
-0.177491
0.319230
-0.187255
0.184305
-0.179865
-0.293026
0.523459
-0.203439
0.278598
-0.220268
-0.483997
0.314695
-0.858424
0.322974
-0.147951
0.388802
-0.175993
0.464445
0.266740
0.235351
-0.060885
0.103603
-0.075667
0.288946
0.138334
-0.015894
-0.612647
0.195115
0.208396
0.026702
0.248952
0.051008
-0.413870
-0.135255
-0.126497
0.005198
0.232185
0.145782
-0.588062
0.120194
-0.237448
0.256120
-0.146169
-0.291237
-0.172379
0.039531
0.575807
0.397984
-0.267306
0.246802
-0.165357
0.441288
0.145866
-0.193478
0.234931
-0.120065
-0.197374
-0.179500
-0.039229
0.080977
0.027715
0.020091
0.292136
-0.437177
-0.052990
-0.339272
0.395505
0.236695
-0.314668
0.085145
0.187602
-0.101252
-0.280114
0.058980
0.083329
0.007232
-0.186505
0.205027
0.045811
-0.471467
-0.216302
-0.319161
0.087370
0.216367
-0.344226
0.287773
0.255719
-0.111623
-0.217031
0.549044
0.107691
-0.149066
0.031414
-0.701223
0.185537
-0.223785
0.407485
-0.054699
-0.384924
0.488770
-0.098575
0.177198
-0.041103
-0.534395
0.221355
0.282404
0.230541
-0.281407
-0.002015
0.103891
-0.561684
0.345694
0.048659
-0.163030
-0.480788
0.008938
-0.000452
-0.149941
-0.704337
-0.233997
0.133518
-0.045922
0.042152
-0.120491
-0.093703
0.197463
0.294860
-0.007170
0.150707
0.215720
-0.019815
-0.137852
-0.556434
-0.469043
0.387727
-0.188591
0.308965
0.529352
-0.370219
0.022386
-0.032540
-0.274529
-0.174200
-0.093660
0.171285
-0.063332
-0.486043
-0.013010
-0.003462
-0.279327
0.061247
-0.066651
0.219619
0.043871
0.317805
0.574940
-0.825719
-0.062687
-0.578801
0.776422
0.007213
-0.214387
0.121726
-0.218993
0.452170
-0.319268
0.152540
0.524190
0.192394
-0.026794
