-0.077035
0.126243
-0.059441
0.420810
0.022941
0.078662
-0.161724
-0.465929
0.470436
0.534492
-0.121302
0.209487
0.275594
0.243972
0.741148
0.211895
0.627977
0.210520
0.048411
0.144226
0.144904
-0.285148
-0.071449
0.363441
-0.106705
0.052315
-0.539141
-0.337017
0.806710
-0.022249
0.317125
-0.585150
-0.664637
0.438730
-0.858880
-0.130692
0.481888
0.346748
-0.787508
0.365396
0.445761
0.484328
-0.309116
0.214578
0.299192
0.461495
-0.040743
0.236989
-0.716053
0.067623
0.246767
-0.095550
0.520796
-0.326163
-0.722567
-0.417894
0.173897
-0.404509
0.393744
0.506515
-0.831508
0.354018
-0.414634
0.102397
0.197270
-0.380941
-0.176040
-0.496860
0.696519
0.460720
-0.444785
0.537889
-0.142482
0.447308
-0.205525
-0.311298
0.374322
-0.324862
0.038556
-0.232778
-0.250685
0.069911
-0.343174
-0.062696
0.362127
-0.465411
0.288095
-0.296482
0.521594
0.468950
-0.407839
0.505003
0.094764
-0.224000
-0.364785
0.428012
0.089203
-0.065694
-0.655759
-0.255773
0.089942
-0.478985
-0.433829
-0.404997
0.292408
0.123011
-0.317655
0.308005
-0.209659
-0.068444
-0.195457
0.328006
0.110221
-0.293963
0.236669
-0.608814
0.502876
-0.193437
0.206707
-0.260962
-0.371048
0.493707
0.043194
0.103728
-0.225752
-0.482460
0.395168
0.464144
0.475396
-0.190515
0.375796
0.136146
-0.719446
0.167120
0.253787
-0.137015
-0.767410
-0.211537
0.037935
-0.261219
-1.221540
-0.421425
0.296790
-0.242444
0.092960
-0.104186
-0.247940
0.624477
0.293267
-0.281584
0.298391
0.327486
-0.052230
0.036079
-0.430115
-0.964927
0.562592
-0.115766
0.402095
0.933633
-0.863774
0.166058
0.206135
0.103660
-0.493488
-0.036929
0.428107
-0.287134
-0.338659
0.114455
0.213862
-0.122200
-0.157248
0.008774
-0.257380
-0.087785
0.518490
0.707436
-0.719834
0.411703
-0.864904
0.537449
0.364365
0.062855
0.109048
-0.436865
0.271188
-0.509662
0.073978
0.458275
0.086445
0.124797
