0.417292
0.365846
0.505206
0.648359
0.354926
0.635339
0.266774
-0.171079
-0.120454
0.231491
-0.042384
-0.189942
0.473458
0.179469
0.126877
-0.695705
0.388036
0.350457
0.108787
0.186105
-0.770683
-0.242724
0.578736
0.119812
-0.011117
-0.428490
-0.156753
0.093765
0.701788
0.365599
-0.351106
-0.947760
0.108307
0.605127
0.093245
-1.148390
0.869226
-0.131465
-0.562411
-0.141183
0.406205
0.762313
-0.009651
0.217732
1.329750
0.316852
-0.417275
0.524016
-0.562929
0.021159
-0.087387
-0.516857
0.577346
-1.218460
-0.010464
-1.019690
0.374236
-0.233697
0.082690
0.780337
-0.287023
0.322359
-0.140972
-0.676177
0.127841
-0.071839
0.091528
-0.765455
0.272523
-0.099048
-0.025543
0.279882
0.069951
-0.276637
-0.416084
-0.417190
0.184505
-0.310030
0.323128
0.063364
-0.410403
-0.898268
-0.090030
-0.163866
-0.292450
0.130835
0.635157
0.221889
0.004784
0.620741
0.203582
1.233480
-0.461801
-0.360645
-0.273210
0.882655
0.369519
-0.010034
-0.906785
-1.431080
0.633208
0.066888
-0.125150
-0.061081
0.087095
-0.180643
-0.072613
-0.225229
-1.251060
0.245328
-0.544611
-0.556289
-0.462211
-0.541842
0.572226
-0.050557
0.167200
-0.035686
-0.501031
-0.143354
0.433492
-0.001384
0.039025
-0.287695
-0.487067
0.526105
-0.240854
0.342569
0.341570
-0.064037
0.652634
0.403179
0.036967
-0.325400
0.549552
-0.134444
-0.224363
-0.258824
0.400980
-0.319019
-0.378159
-0.268863
0.595024
-0.785718
0.011437
-0.149789
-0.510784
0.931795
-0.436856
-0.659016
0.091275
-0.051409
0.023532
0.443645
0.598558
-0.853039
0.308822
0.183886
0.202367
0.709108
-1.038760
0.182789
0.563445
0.988104
-0.321071
-0.162370
0.640694
-0.169605
0.748137
0.308890
0.607315
0.481654
-0.578462
-0.029677
-0.538924
-0.009314
0.119796
0.353680
0.254979
0.805671
-0.572251
-0.872000
0.437077
0.876671
-0.541948
-0.863857
-0.055711
-0.271401
-0.458288
-0.562768
-0.610607
0.646968
