0.332975
0.335736
-0.036689
0.480213
-0.039385
0.764335
-0.143445
-0.189566
-0.257347
0.291250
-0.318419
-0.106560
0.704744
-0.093080
-0.125470
0.396728
-0.473690
-0.021705
0.448804
-0.333704
-0.503580
-0.110499
0.018584
0.223703
0.168475
0.133079
-0.783776
-0.215476
0.266699
-0.092952
-0.446387
-0.408728
-0.648010
0.378589
0.104018
-0.555182
0.844508
0.126055
-0.485945
-0.644040
-0.017418
0.353766
-0.480675
0.691871
0.460368
0.154610
-0.254277
0.054306
-0.188444
-0.442745
0.406950
-0.508115
0.644708
-0.255287
0.025848
-0.561864
0.336356
-0.193345
0.079176
0.721467
-0.457966
0.040722
-0.311739
0.174151
0.042932
0.039972
-0.266067
-0.631864
0.075358
0.127116
-0.262747
0.100457
-0.468524
0.133169
-0.437075
-0.193642
0.312538
-0.915509
0.306732
-0.464976
-0.470525
0.547944
-0.468809
-0.155621
0.197860
0.115195
0.019667
0.175577
0.498917
0.074032
-0.356094
0.006818
-0.265352
-0.182702
-0.209160
0.316269
0.289969
-0.233030
-0.235879
-0.320395
-0.697997
-0.153653
-0.356368
0.028340
0.265074
-0.568294
0.390417
0.045935
-0.258838
0.282486
0.078786
-0.804775
0.221002
0.364669
0.055610
0.311573
0.524073
0.189325
-0.540676
-0.199397
-0.610696
0.342584
0.175097
-0.371268
-0.012860
0.027610
0.692047
0.223052
0.421443
0.500191
0.362053
0.290779
-0.170704
-0.249256
0.386490
0.629498
-0.582969
-0.145931
0.449181
-0.706833
-0.800048
-0.657833
0.675844
-0.099127
0.367205
0.452908
-0.306347
0.089868
0.047405
-0.261127
0.088351
0.154154
0.427486
0.237965
-0.110203
-0.889713
0.443487
0.291252
-0.141436
0.706353
-0.681161
0.101721
-0.324115
0.754219
-0.338482
0.162082
0.847747
-0.300186
0.016841
0.019769
0.386341
0.217788
0.022142
0.454818
-0.572861
-0.319491
0.710853
-0.043662
-0.177177
0.464645
-0.536676
0.036290
0.640928
-0.228173
-0.037668
0.278909
-0.242893
-0.002292
0.348759
0.031088
0.508588
-0.041774
