-0.226741
-0.070664
0.309839
-0.163211
0.593155
0.076838
0.024144
0.007749
0.443478
0.085325
-0.456016
-0.163044
0.225346
-0.436929
0.174002
-0.170962
-0.385570
-0.312677
0.566509
0.099849
0.190971
-0.071921
0.163521
-0.161306
-0.192651
-0.457047
-0.078422
-0.135800
0.434514
0.177968
0.869964
-0.839998
-0.048203
0.998598
-0.862708
0.123098
-0.301028
0.159288
-0.446780
0.403258
0.134739
0.016990
0.458918
-0.316558
0.237214
0.033540
0.203311
-0.003679
-0.658509
0.533952
0.252370
-0.000857
0.169835
-0.581554
-0.227779
-0.114122
-0.211569
0.021862
0.680557
0.054722
-0.318300
0.228417
0.103780
-0.383140
-0.071378
-0.068652
-0.203642
0.215020
0.591426
-0.105912
0.360670
0.388547
-0.056915
0.056428
0.397207
-0.293462
0.133824
-0.271014
0.155294
-0.588979
-0.157083
-0.176770
0.117959
0.143348
-0.314591
-0.196185
-0.414952
-0.058508
0.114652
-0.088163
-0.215580
0.277392
-0.557585
-0.004088
-0.011430
0.488755
0.534544
0.011592
0.150647
0.249231
0.262998
-0.240257
0.126707
-0.314221
-0.220578
0.183429
0.122186
0.178952
-0.486254
-0.027179
-0.305849
-0.088373
0.143336
-0.360520
-0.216813
-0.537512
-0.039343
-0.368655
0.582011
0.115123
0.058681
0.370316
0.096599
-0.114490
0.044923
0.500991
-0.616627
0.182411
0.189304
-0.197398
0.059559
0.152914
-0.197045
0.473809
0.299020
-0.268281
-0.228538
0.171786
0.337897
-0.382651
-0.061555
0.297319
0.028031
-0.255085
-0.073351
-0.456642
-0.301170
0.312935
0.081152
-0.352530
0.154724
0.014074
-0.032661
0.169146
-0.382732
-0.289422
0.505342
-0.458643
0.517957
0.344816
-0.289111
-0.390220
0.294070
-0.460391
-0.096987
-0.201994
0.089059
-0.098120
0.065375
-0.067203
-0.200952
-0.479623
0.066423
0.036260
0.063166
0.371405
-0.002389
0.227774
0.103040
0.147933
-0.471057
0.484153
-0.058478
0.329117
0.282855
0.159420
-0.200238
0.013153
-0.049450
0.163537
-0.058913
0.032788
