0.218660
0.273648
-0.014154
-0.210477
0.585773
0.355612
0.763837
-0.935489
-0.450872
0.270279
-0.471074
0.380224
-0.317503
-0.569593
0.359661
0.010512
0.112487
-0.325195
0.397082
0.631166
-0.684975
0.268054
-0.564259
-0.141666
-0.162480
-0.234217
0.187245
0.303577
0.528456
-0.509590
0.312239
-0.539366
-0.449563
1.153560
-1.052530
-0.280728
0.341308
-0.055173
-0.717323
0.144644
0.062733
1.224800
0.058188
0.370175
0.479821
0.654260
0.331622
0.081501
-0.652310
-0.048787
-0.221198
-0.888196
0.494630
-0.487777
-0.148307
-0.355015
-0.078024
0.000042
0.209577
0.555947
-0.771716
0.457783
-0.256498
-0.429864
-0.087883
-0.598619
0.274013
-0.439316
0.737868
0.352962
-0.173650
0.309470
0.071836
0.239715
-0.217733
-0.566364
0.422697
-0.221234
-0.411314
-0.311376
0.100810
-0.725111
0.417401
-0.724458
0.379526
-0.173270
-0.561575
0.214660
0.199194
0.412725
-0.166921
0.199299
-0.385132
-0.214371
-0.724484
0.394101
0.092394
0.368588
-0.662810
-0.389399
0.645644
0.213806
0.930019
-0.340226
-0.252410
-0.744165
-0.055936
0.223771
-0.358944
0.317365
-0.611068
-0.459553
0.057329
-0.645921
-0.308552
-0.327891
0.446955
0.364450
0.383309
-0.031133
-0.590294
0.013154
0.120402
0.361182
-0.127951
0.368081
-0.277722
0.455218
0.145976
-0.477185
0.874757
1.167910
-0.390432
0.055780
0.644834
-1.103360
-0.398800
0.102424
-0.001729
-0.127120
-0.556170
-0.481137
0.099187
-0.489211
0.302007
0.109887
-0.399092
0.345997
-0.759230
-0.139127
0.100970
-0.035904
-0.032266
0.233018
0.376626
-0.463150
1.059810
-0.137985
0.374741
0.306157
-0.321644
0.486365
0.281470
0.149257
-0.000020
-0.175743
0.546163
-0.331992
-0.280763
0.036974
0.713515
-0.245359
-0.816873
0.415331
0.058957
0.158996
0.158037
0.100765
0.599311
0.491184
-0.533780
0.332043
0.073941
-0.032156
-0.257717
-0.164898
0.943029
-0.376360
-0.104613
0.845738
-0.296829
0.483138
