0.180200
0.125909
-0.126551
0.406382
-0.124969
0.137720
0.302032
-0.683256
-0.677938
0.183838
-0.215099
0.291262
0.258701
0.106832
0.213851
-0.220276
0.824690
0.013651
-0.300774
1.166590
-0.430449
0.251557
-0.350198
-0.214011
-0.033540
0.065725
0.083894
0.351270
0.116974
-0.669292
0.311971
-0.231304
-0.687149
0.233712
-0.936612
-1.003350
0.814586
-0.648645
-0.431466
0.431558
0.507222
0.759897
-0.676399
0.206684
0.567533
0.029730
-0.107331
0.903612
-0.202583
0.206394
-0.948067
-0.445502
0.184212
0.350779
-0.187822
-0.189377
0.466299
-0.518953
-0.565390
0.572550
-0.721085
0.699620
-0.306838
-0.549424
0.300030
-0.629564
-0.191926
-0.568907
0.631150
0.439761
-0.111282
-0.000538
0.096087
-0.132757
-0.409835
0.079437
-0.209932
0.213361
-0.374136
0.179443
-0.149063
-0.496950
-0.244216
-0.877418
0.966119
-0.238630
-0.226099
0.165144
-0.099472
1.080830
0.191131
0.152016
-0.378225
-0.044663
-0.608115
-0.201024
-0.349850
0.096017
-0.579903
-0.697212
-0.225814
0.285067
0.232072
0.379671
0.086603
-0.971022
-0.207353
0.597318
0.232844
0.620569
-0.039775
-0.163486
0.597119
-0.487860
-0.086230
-0.134498
0.237353
0.130215
0.087563
-0.093244
0.021845
0.007465
0.013522
0.508797
-0.429911
-0.148316
-0.069032
-0.080707
0.100571
-1.055500
1.418800
0.738358
-0.089607
-0.096786
0.649706
-0.179092
-0.102766
-0.122218
-0.028688
0.024970
-1.170650
-0.604700
-0.302547
-0.359159
-0.293377
0.388904
-0.242741
0.369705
0.075814
0.281315
0.328945
0.064946
-0.141759
-0.212933
0.173808
0.039443
0.961130
-0.228614
-0.026437
0.571742
-0.426904
0.969262
0.306248
0.401835
-0.784669
-0.271504
0.564702
-0.558254
-0.301210
0.326828
0.580662
0.274644
-1.091110
0.405601
-0.434268
0.070538
0.241191
0.662647
0.585203
0.448663
-0.535690
0.429851
0.244304
-0.346673
-0.817452
0.060273
0.961476
-0.691273
0.511342
0.398581
-0.055715
0.344907
