0.310838
0.275235
-0.080801
0.461148
0.209455
0.797542
0.231635
-0.392526
-0.571567
0.397369
-0.422696
0.229414
0.483639
-0.435236
0.125136
0.713657
-0.258144
-0.126974
0.587612
0.197151
-0.542128
-0.089724
-0.255175
0.149146
0.120590
0.221096
-0.535725
-0.165644
0.368692
-0.537228
-0.351666
-0.377499
-0.898733
0.528005
-0.383453
-0.565685
0.952577
0.080363
-0.442317
-0.597249
0.157488
0.610432
-0.553156
0.805396
0.423501
0.194941
-0.242885
0.073839
-0.298819
-0.304825
0.331595
-0.677820
0.657939
-0.160760
0.086909
-0.691437
0.242964
-0.078312
0.035912
0.716273
-0.800765
0.225479
-0.347596
0.060180
-0.087062
-0.443989
-0.279527
-0.828424
0.427658
0.369508
-0.188209
0.121973
-0.358967
0.138563
-0.296597
-0.386164
0.477296
-0.727660
0.109986
-0.447547
-0.242300
0.196387
-0.277925
-0.171765
0.432484
0.047571
-0.134491
0.218248
0.723386
0.264338
-0.540516
-0.105752
-0.393473
-0.002810
-0.451609
0.272478
0.152490
-0.171402
-0.332800
-0.500554
-0.631544
-0.169406
-0.085345
0.031971
0.373888
-0.809263
0.361434
0.065271
-0.182182
0.590269
-0.116334
-0.936393
0.410539
0.189924
-0.189739
0.053685
0.594822
0.432701
-0.338211
-0.314168
-0.782960
0.448401
-0.048721
-0.255109
0.002180
-0.099579
0.827935
0.236099
0.332932
0.311293
0.549819
0.827677
-0.158847
-0.037019
0.431358
0.311692
-0.736212
-0.228306
0.559984
-0.710955
-1.084810
-0.854646
0.462187
-0.134177
0.464475
0.433038
-0.402161
0.148163
-0.188474
-0.188215
-0.234120
0.256443
0.417686
0.042525
0.178466
-0.881031
0.738138
0.262612
-0.284382
0.639626
-0.466208
0.296058
-0.378826
0.669400
-0.297979
0.166901
1.003490
-0.381457
-0.095096
-0.189359
0.626783
0.184686
-0.403860
0.575827
-0.272564
-0.385019
0.875805
0.140525
-0.326977
0.525124
-0.820378
0.252760
0.507616
-0.461649
-0.153313
0.281884
0.179594
-0.314200
0.497777
0.442365
0.379343
-0.023403
