0.864850
0.132367
-0.031368
1.294760
-0.329575
0.718057
-0.093219
-0.313923
-0.135555
-0.057773
0.372853
-0.123277
0.415172
0.232787
0.019010
-0.670551
0.483292
0.428434
-0.423656
0.143957
-0.574905
-0.534984
0.356389
0.500552
0.127684
-0.296229
-0.100823
-0.598447
0.846000
0.675221
0.028487
-0.263804
-0.642003
-0.005786
-0.024900
-1.038110
0.625945
0.161521
-0.598187
0.304854
-0.175652
0.002782
0.117946
-0.105116
0.648671
0.385689
-0.651353
0.015852
-0.238244
0.171146
0.084998
-0.216489
0.321886
-1.244990
0.245948
-1.155060
0.124835
-0.320585
-0.296159
0.951272
-0.146916
0.148194
-0.680057
0.305514
0.010930
-0.091052
-0.215787
-0.740662
0.132577
0.465461
-0.556854
-0.253214
-0.256340
0.053047
-0.782785
-0.099461
0.445745
-0.359983
0.135919
0.150819
-0.577532
-0.410860
-0.361880
-0.331696
0.363733
0.227636
0.912932
-0.339176
0.659992
0.828342
-0.276461
0.600406
0.228886
-0.009375
-0.497626
0.350900
-0.015596
0.260746
-0.268867
-0.735741
0.143177
0.047497
-0.584717
0.179502
0.798021
0.001400
-0.144038
0.137775
-0.488436
-0.267872
-0.406130
-0.119431
-0.169615
-0.219780
0.173773
-0.906541
0.292514
-0.211770
-0.533976
-1.057720
0.127024
0.621389
-0.140582
-0.554365
-0.557728
-0.080733
1.066770
-0.103381
0.473030
0.614584
0.009236
-0.282434
-0.447201
-0.534673
0.230514
0.017370
-0.371862
-0.087792
0.100676
-0.297547
-0.761871
-0.848392
0.612087
0.221483
0.087062
0.380266
-0.062473
0.286944
0.308438
-0.122810
0.100070
0.581810
0.347712
-0.238467
0.177536
-0.664387
0.357382
0.332389
0.496963
0.600917
-0.463677
0.586002
0.009486
0.833588
-0.167392
-0.224445
0.812563
-0.100422
-0.165371
0.612380
0.548291
0.478538
-0.372958
-0.120769
-0.203790
-0.547828
0.606073
0.716519
-0.508441
0.321423
-0.437654
0.178065
0.389742
-0.065566
-0.168721
-0.416952
-0.008975
-0.156425
-0.203210
-0.156448
0.311931
0.609500
