-0.638043
-0.108009
-0.264445
-0.610313
0.174084
-0.577635
-0.343726
0.440386
0.127807
0.241234
-0.422280
-0.232582
0.313888
-0.610824
0.040217
0.638502
-0.754058
-0.474949
0.389513
-0.279916
0.501939
0.208009
0.463686
-0.587563
-0.297336
0.166983
-0.052210
0.334068
-0.400695
-0.587685
0.305570
0.342574
0.365417
-0.009081
0.150182
0.771413
-0.762130
0.002797
0.629307
-0.729076
-0.035680
-0.323569
-0.148095
0.260356
-0.530335
-0.277887
0.407785
0.333282
0.243323
-0.060612
0.082594
0.286915
-0.558672
1.184830
0.138180
1.003570
-0.159167
0.157180
-0.232777
-0.646071
0.239519
-0.142653
0.335700
-0.143150
0.395161
0.213273
-0.238875
0.699735
0.146802
-0.180150
0.460537
-0.152411
-0.240104
-0.239054
0.978723
0.181016
-0.721397
0.183397
0.228638
-0.149740
0.078566
0.663619
-0.261074
0.312830
-0.216340
0.269436
-0.877713
-0.005714
-0.239735
-0.424098
0.390569
-0.620835
-0.445812
0.296258
0.479919
-0.598182
-0.130626
-0.281116
0.456579
0.704977
-0.892023
-0.314926
0.306169
-0.090587
-0.536810
-0.038455
0.347667
0.333952
0.663220
-0.262943
0.647696
0.192576
0.380498
0.637567
-0.248675
0.273023
-0.206320
-0.135657
0.481026
0.480562
-0.348606
-0.133194
0.170929
0.059543
0.714218
-0.006629
-0.273636
-0.255074
-0.192598
-0.336019
-0.303688
0.193399
0.368572
0.449390
-0.289758
0.389832
0.474098
0.287210
0.022729
-0.133159
0.020185
0.761693
-0.283880
-0.163044
-0.511011
-0.222562
0.119105
-0.308949
0.096172
0.205428
0.207112
-0.613822
-0.083012
0.407754
-0.225016
0.339930
-0.053655
-0.275598
-0.492529
-0.409605
0.116890
-0.716651
-0.294175
-0.686079
-0.012156
0.430927
-0.092901
-0.089600
-0.177254
-0.564540
-0.189901
-0.540868
0.424669
0.287383
0.342367
0.284438
-0.276301
-0.529365
0.336815
-0.211121
0.216373
0.040962
-0.125546
-0.580046
0.133096
0.448065
-0.546914
0.722317
0.370386
-0.026312
0.161715
-0.443138
