0.249717
-0.071774
0.325997
0.233680
0.321005
0.020052
0.535042
-0.384875
-0.856024
-0.082703
0.098968
0.505037
-0.388834
-0.488327
-0.008808
-0.465690
0.599859
-0.264490
0.160634
1.512790
-0.399116
0.025768
-0.273042
-0.037202
0.109584
-0.524066
0.522976
0.266158
0.232798
-0.142292
0.720443
0.111055
-0.150658
0.346748
-0.836458
-0.330724
0.052354
-0.653197
-0.324936
0.386712
0.131784
0.281188
0.240071
-0.574610
0.172326
0.139090
-0.113549
0.102753
-0.264798
0.823805
-0.476608
-0.450609
-0.281476
-0.696308
0.439572
-0.256615
-0.278051
-0.061379
-0.405647
0.034073
-0.159644
0.391786
-0.236819
-0.747062
-0.303876
-0.761337
-0.061072
-0.248680
0.434306
0.092927
0.246125
0.233489
0.375922
-0.138531
-0.126437
-0.052611
0.056224
0.612415
-0.407269
-0.012894
-0.018654
-1.475440
0.280155
-0.407251
0.551962
-0.137228
-0.066226
0.200369
0.102084
0.881058
0.156742
0.172420
-0.463577
0.372388
-0.509510
0.240803
-0.005925
0.540826
-0.107206
-0.691251
0.307521
0.536909
0.394962
0.235766
-0.082110
-0.333828
0.250910
0.231627
-0.326592
0.291148
-0.586391
-0.300181
0.320314
-0.735480
-0.123144
-0.613157
-0.159514
0.200292
0.252475
-0.399304
0.352079
0.152776
-0.257302
0.242726
-0.255416
0.360510
-0.131546
-0.252752
0.190179
-0.533979
0.952203
0.605563
-0.047002
-0.078614
0.342285
-1.008450
0.108264
-0.210446
0.025802
-0.194053
-0.080060
-0.340895
-0.355087
-0.181843
-0.138459
0.263561
-0.351272
0.172525
-0.537609
0.108082
-0.357786
0.193445
0.045876
-0.484774
0.903965
0.353333
0.958452
-0.403791
0.010215
-0.209460
0.284738
0.594596
0.128537
0.036398
-0.145660
-0.446929
0.665043
-0.083111
-0.138418
0.125515
0.846079
0.247899
-1.058990
0.294951
0.283200
-0.282556
-0.121265
0.380833
0.644119
0.342434
-0.114106
0.171182
-0.271271
0.116504
-0.532137
0.125023
0.838295
-0.492979
-0.096926
0.351852
-0.509526
0.560543
