-0.248462
-0.257025
0.430917
-0.902597
-0.070054
0.010669
-0.514375
0.911365
0.848789
-0.102592
-0.077564
-0.440434
-0.088524
0.318415
-0.343847
-0.324889
-0.848423
-0.082804
0.102323
-0.553424
0.438163
0.314988
-0.110784
-0.122156
0.408519
-0.317866
-0.078570
-0.109237
-0.610035
0.615788
0.161762
-0.450477
0.177360
0.443556
0.210127
0.631964
-0.414809
0.444919
0.194564
0.568523
0.031276
-0.518927
0.362469
-0.542055
-0.280728
-0.549471
0.515815
-0.511294
0.015466
0.056270
0.180017
0.317193
0.127968
0.073298
-0.690957
0.719700
-0.018693
0.074181
1.012100
-0.276411
0.416945
-0.078847
0.608318
0.119692
-0.012124
0.668596
0.011897
0.830095
-0.093682
-0.705682
0.634721
0.532561
0.070152
0.337083
0.317876
0.180660
0.039674
-0.038219
0.207025
-0.437932
0.400866
0.901264
0.252847
0.563399
-0.686288
-0.268986
-0.676366
-0.119612
-0.558025
-0.837197
0.103276
-0.185804
-0.155556
-0.236073
0.474323
0.338719
0.527172
-0.536154
0.419436
0.941108
0.184901
0.171523
0.073150
-0.154366
-0.372627
0.838842
0.030078
-0.426254
-0.596525
0.050472
-0.104940
-0.339522
0.002462
0.154949
-0.312233
0.705641
-0.367787
-0.216449
0.092673
0.729060
0.480731
-0.115561
0.302522
-0.181751
-0.036476
0.644948
-0.999076
0.127803
-0.346910
0.535765
-0.595529
-0.859946
0.158050
0.111396
-0.155827
0.484792
-0.306007
0.349202
0.292599
-0.101283
0.839632
0.413238
-0.068603
-0.112685
0.043646
-0.600159
-0.262017
-0.223971
0.175801
-0.486144
0.178711
-0.128542
-0.250781
0.372557
-0.897573
0.303451
-0.251851
0.004974
0.160410
-0.447391
-0.249756
-0.712112
-0.031678
-0.602864
0.217115
-0.001215
-0.925869
0.312292
0.335698
-0.164684
-1.560870
-0.446537
0.977618
-0.322315
-0.349763
0.334766
-0.287155
-0.448368
0.253796
-0.365516
0.604561
-0.210126
-0.230708
0.674104
0.745294
0.576321
-0.860575
0.286667
-0.131915
-0.334142
0.071935
-0.381335
