-0.502771
0.234927
0.309928
-1.164110
0.621810
-0.387296
0.226963
0.609745
0.227644
-0.843076
0.337679
0.331966
-0.832277
-0.158276
-0.574587
0.520426
-0.369700
-0.272292
0.243655
-0.436586
0.317175
0.103477
-0.655875
0.476528
0.174535
-0.096028
0.143314
0.108637
-0.700019
0.368498
-0.645984
0.558160
0.885352
-0.479569
0.731875
0.727873
-0.713811
0.189710
0.400083
0.289921
0.047723
-0.359877
0.520411
-0.558192
-0.369617
-0.329845
0.174732
-0.813664
0.231525
-0.207802
0.516409
0.349658
0.158207
-0.004677
0.493149
0.508634
-0.446057
0.530127
0.788503
-0.613375
0.429432
-0.655718
0.776488
0.076188
-1.035700
0.584279
0.595127
0.690648
-0.963961
-0.406270
0.285791
0.060191
0.430812
-0.018300
0.024112
0.320447
0.232482
0.039158
-0.401475
-0.080358
0.419275
-0.121075
1.047340
0.488399
-0.592207
-0.140537
0.257347
0.649705
-0.791269
-1.261440
0.000709
-0.464413
0.741987
-0.155126
0.508377
0.451694
0.618323
0.178897
0.576423
0.883372
0.491986
0.115849
-0.032318
-0.377465
-0.327164
0.590037
-0.195886
-0.848596
0.066811
0.547645
-0.045456
-0.107880
-0.257646
-0.065130
-0.354708
0.548314
-0.287925
-0.021155
-0.080837
0.504193
0.534729
-0.180918
-0.301743
0.061666
0.038248
0.131771
-0.805512
0.044317
-0.666942
0.336897
-0.668925
-0.620283
0.307030
0.177681
-0.320425
0.069892
-0.017385
-0.079032
-0.280476
0.462683
1.966710
0.764247
-0.478773
0.541648
0.606440
-0.008361
0.070303
-0.648349
-0.082582
-0.216777
-0.524320
-0.011484
-0.148528
-0.636492
-0.482909
0.692941
-1.144630
0.009024
0.032914
-0.240218
1.094960
-0.430828
-0.034305
-0.630246
0.537906
-0.198987
-1.419620
0.602256
0.399505
-0.101057
-1.010950
0.006135
0.451576
-0.556605
0.190502
0.192413
-0.632991
-0.510810
-0.230444
-0.867005
0.499079
-0.445076
-0.283254
0.665247
0.434368
0.249715
0.001674
-0.136656
-0.229455
-0.168727
-0.223418
-0.564403
