0.892474
-0.354412
-0.445194
0.798795
-0.662527
0.755786
0.143532
-0.574367
-0.721310
0.456390
-0.180267
0.182333
-0.098609
0.518607
0.477556
-0.194637
0.386893
0.174017
-0.077233
0.536078
-0.620801
-0.092598
-0.050420
0.397739
-0.120678
0.586089
0.117867
-0.003879
0.376816
-0.107834
-0.647787
0.066343
-0.466795
0.226288
0.127813
-0.229544
0.460955
-0.092274
0.165109
-0.333919
-0.660509
0.955156
-0.066715
0.630255
0.495097
0.444502
0.238707
-0.139948
-0.285797
-0.086268
-0.382877
-1.048130
0.315417
-0.284978
0.086351
-0.885704
0.220931
0.291948
-0.935304
0.716505
0.057377
-0.293956
-0.790330
0.562789
0.070317
-0.098158
-0.026913
-0.442790
0.296977
0.018039
-0.581001
-0.233807
-0.340018
0.702063
-0.519945
-0.425707
0.312628
-0.011452
-0.360756
0.217533
0.044572
-0.226399
-0.001740
-0.579544
0.519128
0.293014
-0.001822
-0.457906
0.748773
1.267450
-0.024210
0.376512
0.166254
-0.343674
-0.608860
-0.615490
-0.565960
0.242675
-0.662465
-0.934957
-0.154850
0.358942
0.391129
0.418075
0.020064
-0.662255
-0.041224
0.288039
0.304374
-0.628060
-0.695283
-0.041210
-0.413303
0.085768
0.866180
-0.109372
-0.153779
0.813043
-0.582231
-0.316601
-0.698619
-0.195277
-0.025761
0.297474
-0.257904
-0.357407
0.821326
0.116152
0.424276
0.242335
0.361254
0.483966
-0.300391
-0.766751
0.066898
-0.538528
0.059489
0.039995
-0.108725
-0.349838
-0.991899
-1.407630
0.831499
-0.452801
0.011359
0.649823
-0.053201
-0.136667
-0.565135
0.270833
0.120576
0.056097
0.312366
0.602675
0.694624
-0.501069
0.808734
0.341590
-0.251170
-0.168282
-0.818008
0.634491
-0.283226
1.185100
0.018233
-0.155220
1.278510
-0.335581
-0.400936
0.277984
1.251480
0.479612
-0.474661
0.302895
0.046931
-0.563962
0.366671
0.106630
-0.042009
0.155914
0.119912
-0.040780
-0.097035
-0.359257
-0.866238
-0.476387
0.820169
0.039323
-0.399441
0.126410
0.223952
0.505524
