-0.424017
-0.415934
0.113386
-0.163457
-0.135926
-0.396213
0.006627
0.471163
-0.465567
-0.711479
-0.028669
0.348456
-0.197503
-0.208808
-0.325763
0.149438
-0.186609
-0.301403
0.185308
0.488584
0.601221
0.229649
-0.422245
-0.062962
0.006413
0.203172
0.250291
0.217507
-0.855373
-0.073575
0.247320
0.902206
0.420787
-0.751038
0.445552
0.733704
-0.900617
-0.703484
0.867170
-0.234582
-0.382550
-0.796902
0.240039
-0.524484
-0.747080
-0.840528
0.162945
-0.227960
0.610340
0.721088
-0.028357
0.224525
-0.709775
0.778939
0.763745
0.662882
-0.336266
0.320227
-0.367094
-0.612196
0.570318
-0.387442
0.461958
0.085894
-0.297839
0.211442
-0.131403
0.741309
-0.775089
-0.438787
0.520048
-0.377183
0.158872
-0.116652
0.398425
0.528035
-0.261478
0.536438
-0.506148
-0.046955
0.282931
0.025882
0.500203
0.279800
0.215686
0.234018
-0.205250
0.117110
-0.379048
-0.339838
0.094935
-0.830755
0.024664
0.195942
0.713753
-0.789614
-0.173776
0.085077
0.928632
0.991633
-0.856218
0.088037
0.129875
0.419565
-0.236987
-0.112078
0.399304
-0.101967
1.045370
0.041869
0.244868
0.182653
0.375626
0.230906
-0.448093
0.114087
-0.653088
0.147752
0.068667
0.100618
0.198938
-0.079323
-0.357167
0.243774
0.258857
-0.106746
-0.076340
-0.761972
-0.297221
-0.053625
-0.239452
-0.522783
0.537921
0.035071
-0.341517
0.139191
0.606537
-0.054655
-0.130284
0.102821
0.938919
0.285905
-0.824758
0.745533
-0.093719
0.258761
0.213598
-1.006130
0.249651
0.582031
-0.374947
-0.065344
0.055238
-0.603015
-0.090683
1.223190
-0.246046
-0.476031
-0.429813
-0.661840
1.270990
-0.061756
-0.277606
-0.797088
-0.086447
-0.280175
-0.418077
0.145349
-0.212824
-0.171085
-0.334847
0.000884
0.079446
0.064784
0.464972
-0.119605
-0.449430
-0.144110
0.195715
-0.880935
0.730077
0.430180
-0.549796
-0.290820
-0.033542
0.858113
0.231137
0.133909
0.250620
-0.038911
0.301244
-0.653672
