0.773217
0.352382
-0.097986
0.509167
-0.565419
0.683260
0.226814
-0.482239
-0.359334
-0.035493
0.572243
0.229504
-0.224758
0.551361
-0.077776
-0.240294
0.529795
0.726668
-0.870296
-0.135999
-0.549157
-0.069283
-0.279794
0.358593
0.306592
0.288915
0.230457
-0.258353
0.148513
0.117317
-0.741104
0.452066
-0.476627
-0.728398
0.531909
-0.649565
0.894114
0.067525
-0.139790
-0.224641
0.008184
0.372806
-0.673501
0.491462
0.055857
0.319157
-0.485874
0.127179
0.430004
-0.544674
0.072044
-0.215805
0.334103
-0.026121
0.042403
-0.451486
0.556084
-0.435892
-0.450636
0.562847
-0.092073
0.244794
-0.300843
0.430575
0.167336
-0.101922
0.187911
-0.826524
-0.239535
0.400880
-0.661668
-0.212299
-0.067804
0.160312
-0.809807
-0.007559
0.415055
-0.104928
-0.064891
0.716752
0.046115
-0.046104
-0.195704
-0.378213
0.419390
0.194990
0.882771
-0.080299
0.539166
0.425827
-0.346352
0.016602
0.743504
-0.052467
-0.306269
0.093262
-0.368464
0.063923
-0.439748
-0.547498
0.067863
0.214109
-0.125530
0.172649
0.547440
-0.424912
-0.209028
-0.407004
-0.134068
0.102543
-0.068493
-0.309915
-0.280710
-0.154976
-0.006187
0.149223
0.381052
0.532282
-0.740862
-0.803580
-0.079715
-0.257650
-0.228571
-0.165271
-0.365013
-0.374640
1.174620
-0.047316
-0.127752
0.546469
0.064737
0.005172
-0.054134
-0.715512
-0.096812
0.101293
-0.279177
-0.426856
-0.156312
0.203592
-0.484249
-0.761468
0.087729
0.250046
0.561080
0.425319
0.078542
0.101551
-0.291564
0.115901
-0.099255
0.314451
0.103329
-0.204709
0.572915
-0.316501
-0.156939
0.610463
-0.321337
-0.003062
0.194776
0.712891
-0.109352
0.768772
-0.088819
0.310805
0.062425
-0.200343
0.027981
0.184253
0.221154
0.663368
-0.564660
-0.106382
-0.252979
-0.583582
0.339001
0.000202
-0.220470
0.138510
0.226538
-0.371545
0.108848
-0.234055
-0.159304
-0.273439
0.275699
-0.431166
-0.151130
0.207082
0.074748
0.094443
