0.078199
0.191383
-0.244276
-0.211451
-0.030766
0.099518
0.035457
0.090266
-0.244636
0.724362
-0.061891
0.027209
0.022583
-0.376882
0.204409
0.829830
-0.032732
-0.009913
-0.034461
-0.261425
-0.245351
-0.023219
0.457485
-0.172227
0.058833
0.321608
0.113607
0.088384
0.099852
-0.644409
-0.583929
0.243268
-0.152467
-0.153391
0.153943
-0.134025
0.383076
0.261668
0.504333
-0.901817
0.429687
0.405776
-0.808993
0.905939
0.069219
0.168052
-0.231348
0.537648
-0.004981
-0.498559
0.185773
-0.161756
0.114665
0.718406
0.101477
0.073914
0.207558
-0.063811
-0.359022
-0.079339
-0.191288
0.221844
0.047212
-0.254608
0.150799
-0.340964
-0.139519
-0.289985
0.462185
0.233584
-0.060847
0.052236
-0.334738
-0.129778
0.407734
-0.231027
-0.167737
0.093397
0.379496
0.347204
0.225944
0.095410
-0.413190
0.107936
-0.018046
0.241172
-0.113534
-0.038363
0.472450
0.105549
0.064475
-0.200758
-0.190493
0.254219
-0.303573
-0.059283
-0.243525
-0.445888
-0.446618
-0.699877
-0.357797
-0.163984
0.217893
0.013644
0.156886
-0.296192
0.233117
-0.187004
-0.117661
0.230185
0.252258
-0.407281
0.077286
0.440194
-0.053326
0.553323
0.306301
0.386860
-0.264887
-0.084432
-0.365518
-0.219318
-0.133755
-0.223071
0.314643
-0.279989
0.619565
-0.020130
-0.132639
0.014437
0.007425
0.830198
0.368597
0.073561
-0.236250
0.485976
-0.140142
-0.153158
0.307026
-0.188385
-0.763330
0.012121
0.094557
-0.501597
0.010882
-0.124378
-0.159614
0.430806
-0.618799
-0.103398
-0.217774
-0.195815
-0.012374
0.255882
0.625124
-0.507404
0.148870
0.508327
-0.912573
-0.263453
-0.241946
-0.162797
-0.385089
0.474950
0.006167
0.778132
0.312623
-0.236554
0.245519
-0.589704
0.366496
0.197619
-0.253849
0.229507
0.197420
-0.172816
0.298718
-0.324444
-0.115989
0.449687
-0.140141
-0.599102
0.048014
-0.468822
-0.225610
-0.142787
-0.094894
-0.026969
0.207679
0.261427
-0.075896
-0.216580
