0.560774
-0.314809
-0.171253
0.666744
-0.295166
0.691612
-0.067183
-0.027089
-0.408657
-0.195435
-0.016748
-0.093727
0.317532
0.338980
0.195596
-0.597800
-0.122271
0.254747
-0.401599
0.601371
-0.147978
-0.121478
0.332257
-0.183637
-0.258493
0.365920
0.607054
-0.063420
0.023102
-0.017979
-0.332242
-0.109200
-0.177645
0.110864
0.147618
-0.358708
0.091567
-0.090385
0.507312
0.139127
-0.425392
0.261019
0.154727
0.404369
0.531840
-0.267359
0.222860
0.184365
0.262741
0.096879
-0.656357
-0.425613
0.022037
0.180537
-0.160167
-0.441485
0.478294
0.067396
-0.703370
0.600458
0.031975
0.167824
-0.229019
0.316239
0.433596
0.249888
-0.291002
-0.057406
0.582258
-0.086529
0.237186
-0.633047
-0.207523
-0.042523
0.033077
-0.226969
-0.041823
0.310477
-0.195639
0.285393
0.162536
0.153790
-0.075464
-0.081766
0.067181
0.504898
-0.381772
-0.330522
0.157198
0.817359
0.094527
0.160485
-0.106389
-0.005216
-0.255541
-0.546614
-0.429534
-0.056932
0.022648
-0.112419
-0.206234
0.195039
0.436807
0.668731
-0.014722
-0.351721
-0.088399
0.248767
0.375388
-0.429188
-0.414647
0.030640
-0.031451
-0.109210
0.252389
-0.464413
-0.544773
0.126162
-0.221813
-0.430392
-0.121850
0.026891
-0.115116
0.038460
-0.227995
-0.111255
0.290014
-0.420837
-0.171133
0.172228
-0.243384
-0.087701
0.273648
-0.402477
-0.070935
0.217943
0.265547
0.252841
0.593649
-0.249944
-0.732474
-0.788147
0.248821
-0.268230
-0.290394
0.067177
-0.088749
-0.154045
0.003787
0.282004
0.146377
-0.121646
0.046388
0.341894
0.075108
0.158640
0.430223
0.144171
-0.126251
-0.208100
-0.420326
0.264764
-0.164792
0.348955
-0.009839
-0.098229
0.599793
-0.253663
-0.062902
0.071025
0.011749
0.182291
-0.202538
-0.037614
0.126347
-0.257904
-0.065005
0.361545
0.077257
-0.265099
0.182970
0.076650
-0.311394
-0.464740
-0.576405
-0.001387
0.068804
0.262487
-0.012418
-0.201905
0.202186
0.305282
