0.316831
0.561674
0.036223
-0.684721
-0.087545
0.361405
-0.378220
0.343664
0.200852
-0.244846
0.348370
-0.546000
-0.166690
0.089102
-0.893813
-0.039865
-0.973463
-0.060397
-0.021645
-0.908349
-0.307876
-0.041635
0.257041
0.104849
0.139915
-0.061678
0.208517
0.062604
-0.413909
0.460492
-0.451600
0.529052
0.519927
-0.347603
0.885250
0.252568
-0.290360
0.264483
0.347654
-0.538225
-0.335953
-0.078880
-0.025009
0.097603
-0.182573
0.085723
0.369544
-0.164667
0.360457
-0.368883
0.302310
0.055818
-0.253225
0.478545
0.195132
0.673948
0.343825
-0.114560
-0.134610
-0.126598
0.822031
-0.120684
0.208937
0.133307
-0.010208
0.999269
-0.068936
0.558764
-0.414829
-0.404234
-0.030931
0.005576
-0.509134
0.135543
0.140092
0.336835
-0.265467
-0.291980
0.303913
0.177055
-0.117755
0.546306
0.001306
-0.020519
-0.379899
0.285769
-0.109064
0.137446
-0.027728
-0.337499
0.405110
-0.395131
0.416790
0.047095
0.205885
0.306693
0.496141
0.001677
0.299831
0.431458
-0.319530
0.185758
-0.001464
0.055309
-0.930533
-0.167644
0.272389
-0.232281
0.021867
-0.356977
0.224634
-0.265471
-0.467504
0.343948
0.219590
0.683557
-0.351739
0.064921
-0.329545
0.338016
-0.055970
-0.632602
0.370104
-0.219316
0.271504
0.309921
-0.189000
0.048190
-0.291386
0.512496
-0.416894
-0.318234
0.064185
-0.516747
-0.187957
0.616811
0.352731
0.070525
-0.059542
-0.237346
0.791829
0.373067
0.328657
-0.146621
0.109757
0.082892
-0.028833
-0.433507
-0.333097
-0.071683
0.387896
-0.583430
0.008787
0.621399
-0.241486
0.073083
-0.324274
-0.036988
-0.237867
-0.571672
0.114081
-0.590391
-0.300218
0.131419
0.238030
0.322474
-0.251535
0.018628
0.192525
-0.023650
-0.437816
0.223219
0.515673
-0.089104
-0.074119
-0.014330
-0.562569
-1.176540
0.464839
-0.321422
0.916966
-0.611089
-0.143863
-0.111186
-0.046202
0.200601
-0.526091
0.669349
-0.338859
-0.340102
0.030393
-0.234613
