-0.433778
-0.046374
-0.103928
-0.072273
0.059318
-0.454441
0.257379
-0.431937
-0.155848
0.233520
-0.477598
0.361082
0.119967
0.245547
0.658575
0.152750
0.679717
-0.229095
0.119270
0.644185
0.134551
0.361467
-1.054260
-0.178539
-0.047367
0.066868
-0.444955
0.456769
-0.091813
-0.765009
0.348222
-0.473885
-0.484065
0.466477
-0.740618
-0.137276
0.362601
-0.581579
-0.475506
0.639856
0.641621
0.626246
-0.424693
0.005877
0.173535
0.014407
0.374252
0.434015
-0.489848
0.205102
-0.532208
-0.181561
0.299827
0.373885
-0.460870
0.227153
0.015433
-0.332583
-0.009496
0.087532
-0.664381
0.449939
-0.043705
-0.220590
0.125316
-0.490425
0.197992
-0.061141
0.311818
0.186237
-0.094477
0.394473
0.346120
0.373624
-0.160652
0.156151
-0.162372
-0.042889
-0.589523
-0.268557
0.015480
-0.008328
0.154417
-0.587398
0.827580
-0.735567
-0.258589
0.108007
-0.564383
0.235895
0.206503
-0.023633
-0.215793
-0.418872
-0.015572
-0.130043
-0.128611
0.103136
-0.422638
0.183164
0.056121
0.021831
0.032903
-0.140098
-0.318524
-0.585446
-0.371719
0.390394
0.239405
0.662002
-0.172667
0.257775
0.434673
-0.447587
-0.218112
-0.076670
0.242823
-0.114740
0.632199
0.506489
-0.164739
0.283520
0.103566
0.680479
-0.254603
-0.023205
-0.604185
0.504940
0.149596
-1.050790
1.041530
0.353340
-0.363034
0.344523
0.695609
-0.467882
-0.383770
0.044484
-0.267834
0.033183
-0.452550
-0.268366
-0.239053
-0.134335
-0.165263
-0.025138
-0.368351
0.169630
0.178075
0.112483
0.494602
-0.055408
-0.127037
-0.052834
-0.383253
0.256155
0.578342
-0.422404
0.418709
0.672602
-0.499660
0.736745
0.424271
-0.253972
-0.597261
-0.465422
0.118963
-0.196376
-0.545457
0.075030
-0.094882
-0.256288
-0.500759
0.305908
-0.457977
0.349957
0.155933
0.598857
0.231995
-0.084044
-0.539877
0.771521
0.256018
-0.046842
-0.188200
0.207616
0.872989
-0.560580
0.478037
0.342072
-0.185576
0.071565
