0.117120
-0.002177
-0.116030
0.490422
-0.243247
0.072855
-0.447113
-0.093101
0.387112
0.229168
-0.057545
-0.323628
0.621914
0.156435
0.216374
-0.523558
-0.008712
0.198535
-0.343731
0.250968
0.226961
-0.133031
0.599966
-0.484833
-0.272845
0.018531
0.146286
-0.202022
0.374490
-0.104933
0.785953
-0.366317
-0.375469
0.233180
-0.693112
-0.311080
0.074982
0.132167
-0.203229
0.354033
0.059352
-0.103624
-0.130430
0.112854
0.231393
-0.071583
0.089129
0.593957
0.054755
0.292729
-0.361396
0.148336
-0.251733
0.382335
-0.795227
0.004319
0.466198
-0.586450
-0.222826
0.279381
-0.251770
0.610872
-0.319306
-0.135073
0.918448
-0.088512
-0.578343
-0.086397
1.004880
0.212636
0.161785
-0.007937
-0.225335
-0.180814
0.359794
-0.161946
-0.299714
0.287403
0.378115
-0.046771
-0.110493
0.388033
-0.843735
0.059401
0.192814
0.047703
-0.494106
-0.477486
0.315395
0.656079
0.022620
0.099368
-0.388211
0.324851
-0.249719
-0.185528
-0.258231
-0.172285
-0.066318
0.043479
-0.229284
-0.237148
0.114061
0.202744
0.007282
-0.031110
0.007211
0.659357
0.070156
-0.517339
0.173027
0.454008
0.294581
-0.122743
0.094948
-0.506564
-0.095500
-0.349023
0.455986
-0.327861
-0.205182
0.157092
0.282212
-0.005697
0.088368
-0.077521
0.063105
-0.242296
0.074087
-0.378092
-0.027525
-0.017015
-0.160567
0.035353
0.017643
0.255345
0.091250
0.140837
0.458063
-0.184823
-1.229630
-0.096100
-0.008267
-0.346233
-0.552403
-0.400167
-0.034193
0.477408
0.457757
0.097400
0.428877
-0.145206
-0.181695
0.315096
-0.238969
-0.217562
0.626104
-0.251007
0.142562
0.065863
-0.607605
-0.096989
0.072948
-0.247499
-0.297973
0.156507
0.404410
-0.434330
-0.197004
-0.027897
-0.175274
-0.266892
0.005142
0.083696
0.011736
0.056144
0.061825
0.332010
0.166730
0.285269
-0.239071
0.421550
-0.011615
-0.506815
-0.063217
-0.014264
-0.313913
0.322766
0.185745
0.227401
0.104276
0.182295
