0.085107
-0.055571
-0.000459
-0.544839
-0.148651
0.517483
-0.512551
0.650599
0.788540
0.171313
-0.176852
-0.652918
0.272989
0.199688
-0.381915
0.119813
-1.095250
0.102135
0.005778
-1.168930
0.040365
0.114482
0.389993
-0.113477
0.232400
0.104579
-0.191370
-0.373325
-0.278138
0.398847
-0.572988
-0.546044
-0.131409
0.330681
0.442254
0.101583
0.098792
0.931561
0.270956
-0.055956
-0.147102
-0.301325
-0.000780
0.319149
-0.009935
-0.333704
0.146126
-0.310449
0.100649
-0.683521
0.323834
0.134061
0.458284
0.218074
-0.575198
0.097335
0.242855
0.180274
0.747757
0.133620
0.138455
-0.201868
0.327606
0.466444
0.108201
0.673989
-0.134948
0.270933
-0.017258
-0.345624
0.226903
-0.015961
-0.391103
0.139028
0.125312
-0.092126
0.169268
-0.608351
0.596644
-0.227410
0.214325
1.333760
-0.171539
0.484661
-0.823003
0.141925
-0.616153
-0.169363
-0.013963
-0.819246
-0.227511
-0.124985
-0.105110
-0.214672
0.175886
0.160181
0.377767
-0.743363
0.222741
0.495822
-0.065259
-0.133173
-0.014170
-0.095289
0.143034
0.457760
-0.036461
-0.374529
-0.465666
0.022244
0.206905
-0.521231
-0.111543
0.645019
-0.165167
0.812180
0.086571
-0.043811
-0.357390
0.479519
-0.021817
-0.136364
0.355069
-0.500644
0.093572
0.307095
-0.195744
0.181607
-0.300437
0.901082
-0.921143
-0.383203
0.219611
-0.012145
-0.202692
1.049590
-0.369828
0.368753
0.489131
-0.077888
0.140883
0.143490
0.351043
-0.167915
0.226927
-0.366792
0.022166
-0.039560
0.282780
-0.390597
0.137689
-0.064534
-0.042592
0.541667
-0.803383
-0.377099
-0.464180
0.602812
-0.036324
-0.127399
-0.425532
-0.695196
-0.269075
0.085833
0.342952
0.468586
-0.653640
0.109173
0.525681
-0.179619
-1.194910
-0.258499
1.056200
-0.255919
-0.365133
0.284719
0.230000
-0.523561
-0.196644
-0.020435
0.165944
-0.442856
0.157000
0.171038
0.652745
0.240757
-1.079230
0.480788
0.054648
-0.330850
0.473510
-0.386293
