-0.645551
0.166233
0.496983
-0.752185
0.502393
-0.531786
0.130856
0.394559
0.329825
0.145493
0.017517
-0.038307
-0.196221
-0.741912
-0.382247
0.383251
-0.240012
-0.346502
0.515672
-0.403662
0.170339
0.258853
-0.055252
-0.179166
0.425016
-0.710498
-0.385657
-0.014508
-0.208326
0.114536
0.668925
0.033991
0.191557
0.110103
-0.219466
0.329184
-0.059945
0.112021
-0.422387
-0.267044
0.585278
-0.589059
-0.115077
-0.649023
-0.483415
-0.100747
-0.382935
-0.111314
-0.144619
0.069170
0.603489
0.528038
-0.213767
-0.329615
0.274322
0.594708
-0.507779
-0.010210
1.060500
-0.678391
-0.045072
0.059332
0.575903
-0.723244
-0.404810
-0.383211
0.102432
0.119719
-0.369085
-0.067936
0.301067
0.783563
0.223895
-0.361547
0.344176
0.210671
0.016743
-0.193950
0.427964
-0.395843
-0.029425
-0.189819
0.071423
0.403338
-0.367992
-0.289234
0.188817
0.359420
-0.240483
-1.021670
-0.128442
-0.215937
-0.444391
0.286378
0.346208
0.777684
0.482517
-0.297154
0.180581
0.114941
0.097107
-0.097185
-0.348818
-0.540156
0.221319
0.550639
0.367724
-0.416893
-0.809631
0.723233
0.441988
-0.613885
0.326134
0.135400
-0.674550
0.491619
0.513443
-0.199772
0.212615
0.267569
0.512225
0.051223
-0.007415
-0.379037
0.230674
0.464847
-0.329374
0.145996
-0.023534
0.135154
0.155718
0.145269
0.158663
0.646870
-0.002075
0.044280
-0.336338
-0.225528
-0.170402
0.065934
0.805275
1.066020
-0.482080
0.165509
0.177309
-0.321174
-0.151365
0.248675
-0.103147
-0.527166
-0.417354
0.270092
-0.132272
-0.342272
0.099495
-0.085226
-0.321020
-0.076407
-0.084184
-0.039227
0.550183
-0.551014
0.151247
-0.478837
-0.012668
0.267337
-0.627044
0.301683
0.405690
-0.324569
-0.254016
-0.271809
0.163903
0.052711
-0.087610
0.250804
0.108430
-0.347278
0.087665
0.436573
-0.180873
-0.226704
0.264595
0.582140
0.738170
0.398257
-0.618139
-0.312915
0.172459
0.031530
-0.266788
-0.387401
