0.344455
0.146064
-0.287965
-0.387539
-0.305480
0.175601
-0.077805
-0.039199
-0.082554
-0.195096
0.366350
0.043696
-0.454447
-0.124915
-0.470649
0.335142
-0.479417
0.024941
-0.471024
-0.342359
0.050362
0.126926
-0.291054
-0.097016
0.172788
0.283201
0.460850
-0.219253
-0.397214
-0.174678
-0.224368
0.793227
-0.290390
-0.674987
0.248609
0.296677
-0.175716
0.446411
0.341958
-0.067171
-0.392575
-0.353563
-0.190221
0.248961
-0.869624
-0.048442
0.064677
-0.336011
0.774818
-0.440498
0.175355
0.183370
-0.166164
0.819631
-0.015468
0.500453
0.132827
-0.129436
-0.272866
-0.261107
0.295770
-0.016769
-0.044112
0.572147
0.074640
0.052994
-0.038772
0.082642
-0.079038
0.226096
-0.120054
-0.414377
-0.097668
0.135391
-0.036675
0.137866
0.114744
0.109119
0.024409
0.249565
0.394786
0.646053
-0.152700
0.020181
0.137774
0.173235
-0.339248
-0.098409
0.392941
-0.352147
-0.326128
-0.937993
0.536377
0.451259
-0.135836
-0.346063
-0.321878
0.006795
0.568267
0.729876
-0.242919
0.192198
0.364731
0.198188
0.141866
-0.181657
0.117928
-0.178703
0.435949
-0.092767
0.393788
-0.128328
0.202088
0.253750
-0.591490
0.261213
0.056468
0.365306
-0.023132
-0.370819
-0.414044
-0.215423
-0.045030
-0.126292
0.347453
-0.222464
0.710020
-0.340134
-0.461006
0.496274
-0.654625
-0.074319
0.089838
-0.295260
-0.392765
0.285022
0.095844
0.051170
0.045394
0.292274
0.119115
-0.145478
-0.375181
0.536377
0.415590
0.181934
0.336724
-0.462184
-0.137522
0.483509
-0.310895
0.003232
0.108200
-0.365989
0.009600
0.434836
-0.275436
0.383933
-0.421675
-0.903884
0.992025
-0.007917
-0.617719
-0.375374
0.495339
0.494277
-0.462896
-0.037265
-0.224717
-0.362062
-0.498741
0.031781
0.095369
-0.017763
0.313754
-0.295949
-0.036101
-0.680020
0.004845
-0.326989
0.674979
0.050124
-0.338038
-0.759310
0.408698
0.669257
-0.112428
0.183292
0.162114
0.632036
0.332393
-0.373522
