0.361544
-0.498995
-0.336665
-0.126651
-0.419647
0.251268
-0.257959
-0.010819
0.055807
0.193458
-0.047782
0.050044
-0.456031
0.346374
0.219210
-0.235076
-0.140753
-0.104580
0.081114
0.451939
0.092536
0.067856
0.016744
0.330650
-0.134996
0.316622
0.253718
-0.110483
0.073548
0.312106
0.104777
0.392917
0.030541
0.295970
-0.111283
0.724418
-0.504113
0.368108
0.168632
0.197340
-0.851412
0.316448
0.498784
-0.170162
-0.097253
0.216266
0.781247
-0.560211
-0.179643
0.120914
-0.271078
-0.631451
-0.113564
-0.018155
-0.319054
0.099554
-0.100443
0.421446
-0.166073
0.125522
0.387570
-0.471159
-0.436086
0.450496
0.087223
0.201012
-0.134663
0.493301
0.393556
-0.313243
-0.164282
0.203386
-0.232672
0.809387
0.022074
-0.299388
0.214445
0.434660
-0.244735
-0.164703
0.363442
0.174327
0.124329
-0.101751
0.100072
0.114978
-0.582780
-0.490908
0.406094
0.772461
0.055098
0.000179
0.211495
-0.139204
-0.294196
-0.528128
-0.320053
0.200342
-0.169059
0.070348
-0.098760
0.378884
0.606543
0.044920
-0.462089
0.150011
-0.120935
0.420288
0.523794
-1.000050
-0.475603
0.296661
-0.259995
0.084866
0.674928
-0.023960
-0.534992
0.506877
-0.041739
0.064050
-0.530300
-0.309840
0.164565
0.481309
-0.011924
-0.372280
0.113722
0.009531
0.137286
0.253276
-0.139703
-0.115952
-0.348053
-0.534388
-0.292308
-0.644148
0.180375
0.253282
-0.368530
-0.120235
-0.298016
-0.498521
0.366060
-0.448069
-0.288747
0.263507
0.069570
-0.422488
-0.294656
0.165231
0.247459
-0.165728
-0.073192
0.643115
0.021485
-0.221625
0.629943
-0.040899
-0.063131
-0.640998
-0.565135
-0.149596
-0.251430
0.139666
0.281739
-0.148137
0.547923
-0.151844
-0.494920
0.088038
0.576882
-0.067191
0.180551
0.074788
0.336273
-0.294992
-0.146488
-0.387469
0.151888
-0.191897
0.651403
0.126081
-0.377470
-0.239765
-0.391703
-0.158938
0.404897
0.362827
-0.575418
0.264345
0.138373
0.210674
