-0.679309
0.062286
-0.142212
-0.405181
-0.127816
-0.583083
-0.635668
0.565300
0.882684
0.016433
0.057524
-0.184509
0.059427
0.534883
0.135068
0.738496
-0.387361
0.010220
0.322897
-1.287830
0.781068
-0.114458
0.010465
0.311338
-0.051139
0.443286
-0.767555
-0.065007
-0.330120
0.236095
-0.584172
0.244873
0.636815
-0.493393
0.931397
1.096950
-0.599476
0.419219
0.343086
-0.457349
-0.240480
-0.514011
0.138582
0.187600
-0.486134
-0.105031
0.354729
-0.608525
0.202441
-0.550663
0.750550
0.456115
0.062501
0.498052
-0.384223
0.484027
-0.132054
0.176959
0.499343
-0.550141
0.470382
-0.730476
0.314123
0.686416
-0.059576
0.755997
0.229970
0.586899
-0.713222
-0.363522
-0.204623
0.171593
-0.079985
0.349806
0.233113
0.117449
0.003828
-0.333825
0.233282
-0.412354
0.080476
1.162730
-0.081470
0.701939
-0.536208
-0.165212
0.256768
-0.066521
-0.298134
-1.155860
-0.005480
-0.213499
0.626974
-0.350603
0.772140
-0.053392
0.139532
-0.277733
0.237021
0.977899
-0.226111
-0.554348
-0.546306
-0.458430
-0.243171
0.769543
-0.045372
-0.311056
0.414802
-0.482632
0.488451
0.634559
-0.354165
0.720975
0.516447
0.603784
-0.037544
-0.198013
-0.015033
0.572502
-0.473655
-0.059139
0.222910
0.006088
0.492183
-0.484713
-0.078743
0.383587
0.091383
0.430296
-0.957562
-0.911784
-0.143281
0.148391
-0.515312
0.575153
-0.047733
0.001373
-0.195191
0.083331
0.726822
0.512776
0.366728
0.282051
0.125870
-0.238991
0.219861
-0.318269
0.300755
-0.203805
0.100138
-0.250859
-0.050268
0.308767
-0.760589
-0.197662
-1.055310
0.067152
-0.034049
-0.023637
-0.152550
-0.844652
-0.189244
-0.435557
0.314514
0.149360
-0.582937
0.390638
-0.059862
-0.282634
-0.705694
-0.283137
1.245800
-0.297598
-0.130094
0.065981
-0.161023
-0.535251
-0.764487
-0.498663
0.298410
-0.154607
0.107874
0.190384
0.606051
-0.090520
-0.670039
0.509824
-0.192051
-0.284845
0.193063
-0.640845
