0.488212
0.325576
0.162168
0.276886
0.092324
0.334289
0.214829
0.122845
-0.485785
-0.027949
0.238995
-0.180171
0.094604
0.169475
-0.328340
-0.358564
0.144321
0.186617
-0.159963
-0.043826
-0.765864
-0.101354
0.473355
0.001387
0.068433
-0.085843
0.186707
0.319449
0.027005
0.080755
-0.967389
-0.096953
0.433332
-0.134260
0.794749
-0.874642
0.521498
-0.213245
0.200659
-0.350183
0.064535
0.379942
0.000234
0.325824
0.837144
0.078628
-0.335434
0.208223
0.169320
-0.347381
-0.329455
-0.363739
0.176695
-0.460893
0.341944
-0.601413
0.283829
0.050954
-0.488333
0.235236
0.324933
-0.038134
-0.041962
-0.360194
-0.058844
0.195502
0.244736
-0.421706
-0.214261
-0.170875
-0.002653
-0.305656
0.168984
-0.458786
-0.354191
-0.079426
-0.150991
0.079781
0.191736
0.402324
-0.101720
-0.625632
0.008069
-0.108338
-0.292332
0.378541
0.396838
0.337400
-0.290481
0.235599
0.507761
0.536185
-0.095530
-0.108516
-0.211789
0.313737
0.018131
0.056562
-0.420649
-1.119470
0.471546
0.396389
0.075183
0.308183
-0.007897
-0.223304
0.002462
-0.353315
-0.657310
0.224199
-0.205594
-0.418957
-0.486235
-0.043818
0.516190
0.507103
-0.070635
0.158883
-0.662739
0.008548
0.350863
-0.352113
0.010468
-0.228660
-0.231567
0.392179
-0.197926
0.040689
-0.077214
0.059876
0.143249
0.267631
0.416826
-0.453077
0.135238
0.145389
0.297381
-0.087921
0.253999
0.064550
0.307697
-0.173885
0.411042
-0.436180
0.020115
0.092104
-0.109219
0.340739
-0.527971
-0.214692
-0.196870
-0.266271
0.058673
0.212845
0.764057
-0.044069
-0.313495
0.455550
-0.234873
-0.101005
-0.331476
0.176623
0.115210
0.922696
0.204691
-0.001273
0.195243
0.103798
0.697410
0.152077
0.390333
0.627873
-0.310118
-0.104550
-0.241125
-0.101688
-0.177082
-0.198533
0.380408
0.323459
0.051061
-1.182100
0.148734
0.426726
-0.607254
-0.574064
-0.063365
0.114632
-0.332608
-0.652307
-0.526130
0.464983
