0.453233
0.108019
-0.067591
0.531855
-0.389981
0.420010
-0.132011
-0.160480
-0.444559
-0.043054
0.263939
-0.080196
0.322179
0.180318
-0.384334
-0.379010
0.388910
0.334093
-0.631861
0.626906
-0.343617
-0.034797
0.629377
-0.078368
0.012452
0.146615
0.388908
-0.042872
0.015946
0.006903
-0.031752
0.261132
-0.277306
-0.443794
-0.223671
-0.927580
0.577516
-0.209072
0.120681
0.007462
0.083962
0.021965
-0.526054
0.196366
0.389088
-0.224459
-0.473975
0.738359
0.391833
0.035496
-0.684432
-0.098999
-0.108565
0.405502
0.029347
-0.213825
0.663174
-0.397775
-0.653807
0.475381
-0.112567
0.336852
-0.186181
-0.333106
0.366819
-0.091768
-0.502782
-0.446185
0.278600
0.231382
0.031045
-0.395962
-0.199572
-0.496526
-0.277513
0.128558
-0.253490
0.389040
0.187670
0.495035
-0.180750
-0.201759
-0.560999
-0.338172
0.302484
0.359657
0.029218
0.064383
0.268554
0.976238
0.101322
0.131081
-0.136731
0.309229
-0.474689
-0.278386
-0.354431
-0.177821
-0.168330
-0.781773
-0.543188
0.251683
0.039580
0.656452
0.429985
-0.409557
0.036929
0.309153
0.231073
0.056462
0.340508
-0.240482
0.350724
-0.013600
0.186648
0.143114
-0.070822
0.154847
-0.566081
-0.413631
0.307194
-0.296775
-0.061927
0.008626
-0.264094
-0.354019
0.394276
-0.672388
-0.063569
-0.315793
0.579630
0.182996
0.336812
-0.427103
-0.047781
0.607628
0.258781
-0.192963
0.205363
0.072935
-0.935088
-0.345236
-0.249391
-0.222778
-0.308811
0.428910
0.165224
0.216451
0.204511
0.275816
-0.025574
0.098308
-0.111827
-0.231231
0.288063
-0.048052
0.372442
0.145798
-0.529171
0.021427
-0.094320
0.324402
-0.052105
0.584359
-0.459054
0.139219
0.296200
-0.440237
0.192735
0.302571
0.422534
0.595341
-0.579551
0.100903
-0.221179
-0.213854
0.071678
0.217120
0.361060
0.466902
-0.003722
-0.227904
0.007576
-0.347069
-0.729189
-0.062671
0.133144
-0.282572
0.257459
-0.037646
0.198657
0.124988
