0.553856
-0.128708
-0.133610
0.165643
-0.085938
0.447253
0.394132
-0.115368
-0.545078
-0.241847
0.245712
0.156829
-0.414740
0.302622
-0.200148
0.068139
0.176300
0.047762
-0.304909
0.201388
-0.404259
-0.087274
-0.517042
0.282145
0.203265
0.282148
0.350271
-0.075808
-0.130119
-0.013430
-0.925876
-0.040927
-0.336185
-0.072300
0.148434
-0.478454
0.344407
0.131643
0.290189
0.476156
-0.138670
0.182520
0.143553
0.219927
0.167343
-0.026491
-0.195242
-0.510362
0.127947
-0.415422
-0.345220
-0.252954
0.446010
-0.338824
0.113130
-0.680218
0.078120
0.311631
-0.140465
0.262518
-0.048754
-0.166514
-0.088911
0.503614
-0.624408
-0.071280
0.209194
-0.280902
-0.191160
0.131901
-0.132099
-0.463994
0.172543
0.109687
-0.627916
-0.098269
0.440595
-0.114278
-0.350895
0.210392
0.252204
-0.133367
0.497592
-0.204786
0.085349
-0.055549
0.118773
0.146771
-0.069662
-0.010454
-0.169011
0.010082
0.375677
-0.126693
-0.413814
-0.060987
-0.048811
0.073111
0.073705
-0.198147
0.550179
0.393684
0.067667
0.353609
0.408725
-0.165256
-0.253072
-0.361444
-0.107603
0.429269
-0.390740
-0.312214
-0.194740
-0.111264
0.008601
0.073782
0.016944
0.247106
-0.418235
-0.087263
0.013397
0.067889
-0.246317
-0.049676
-0.393221
-0.063253
0.211243
0.044376
-0.165403
0.354111
-0.181574
0.057762
0.059584
-0.284030
0.040748
0.076088
-0.218848
0.103463
0.288903
0.170978
0.354284
-0.811860
0.203050
0.252179
0.539800
0.343607
0.023349
-0.177789
-0.188227
0.211166
-0.521838
0.364540
0.224261
-0.434400
0.145554
0.251719
-0.226197
0.654658
0.038415
-0.195800
0.275462
0.530979
-0.268174
0.498224
0.466418
-0.272089
-0.039549
0.315867
0.083904
0.200416
-0.150877
0.390070
-0.149835
-0.201302
-0.018145
-0.181808
0.223895
0.194068
-0.408998
-0.185697
0.034084
-0.117719
-0.123203
0.025788
-0.181883
0.002497
0.451953
-0.389275
0.028025
-0.060411
0.060848
0.196409
