0.440223
0.089945
0.151485
0.538108
0.281279
0.174683
0.550810
-0.595608
-1.056660
0.008801
0.182054
0.501596
-0.278571
-0.589694
-0.065807
-0.290945
0.687749
-0.206158
0.141811
1.434030
-0.631185
-0.137094
0.030534
0.053489
-0.007664
-0.346138
0.485613
0.199909
0.459675
-0.227141
0.444802
0.325356
-0.176580
0.126936
-0.722262
-0.626933
0.249216
-0.597987
-0.336115
-0.025622
-0.005374
0.384913
0.125890
-0.245026
0.302608
0.323641
-0.345488
0.196401
-0.192721
0.595403
-0.440107
-0.590868
-0.268421
-0.731251
0.646185
-0.588922
-0.204273
-0.042637
-0.664049
0.183093
-0.206214
0.281794
-0.483651
-0.710050
-0.296457
-0.820216
-0.131254
-0.575046
0.425784
0.303169
0.000399
-0.008230
0.196038
-0.330265
-0.261555
-0.161455
0.101738
0.513066
-0.278558
0.126513
-0.175636
-1.601860
0.067437
-0.470727
0.595361
0.117791
0.130826
0.208979
0.424168
1.062900
0.072378
0.238245
-0.384734
0.473278
-0.726351
0.170826
-0.155503
0.597264
-0.234710
-1.086860
0.163707
0.454018
0.333543
0.332122
0.143824
-0.524415
0.322805
0.328196
-0.186231
0.164193
-0.429155
-0.299999
0.250813
-0.548914
0.104673
-0.648957
0.004794
0.316948
-0.004810
-0.668399
0.092715
0.123924
-0.287679
0.152480
-0.189478
0.109790
0.363222
-0.365763
0.303256
-0.418035
0.919625
0.878205
-0.034764
-0.233899
0.272879
-0.895026
0.211298
-0.324606
0.045175
-0.190548
-0.408496
-0.497432
-0.160606
-0.184519
-0.091378
0.516310
-0.190822
0.258138
-0.584343
0.206106
-0.485126
0.232605
0.164941
-0.521401
1.173420
0.054531
0.931323
-0.231534
-0.154784
-0.115463
0.305924
0.636465
0.013155
0.409155
-0.092643
-0.299047
0.969873
-0.177575
-0.120362
0.179698
1.410380
0.479416
-1.198430
0.388899
0.374735
-0.480502
0.035773
0.358793
0.471649
0.570124
-0.272833
0.014847
-0.117570
-0.110719
-0.759818
-0.110241
0.887553
-0.444091
-0.089877
0.412707
-0.413477
0.627488
