-0.383090
0.465671
0.331681
-0.815804
0.706794
-0.305944
-0.060887
0.350860
0.386537
-0.384182
0.016006
0.076360
-0.317424
-0.439364
-0.365703
0.334322
-0.459075
-0.332966
0.550094
-0.395676
0.174164
-0.060321
0.039105
0.165292
-0.115000
-0.304999
-0.046927
0.145805
-0.124576
0.222574
0.029658
0.277228
0.772578
-0.049945
0.263418
0.598612
-0.752310
0.117743
0.024966
-0.114464
-0.045671
-0.152858
0.497622
-0.299829
-0.159292
0.029139
0.286934
-0.367980
-0.004649
0.179894
0.636040
0.115777
-0.041485
-0.062525
0.282948
0.463470
-0.296831
0.170972
0.410950
-0.474259
0.373937
-0.317406
0.379114
-0.328844
-0.446042
0.520122
0.200856
0.488655
-0.297338
-0.305740
0.202930
0.189634
0.196764
-0.053448
0.318409
0.076311
-0.049186
-0.001486
0.010788
-0.315005
-0.015167
-0.282442
0.400053
0.375432
-0.513121
0.009865
-0.033958
0.426674
-0.281865
-0.703525
0.098986
-0.210514
0.246866
0.046423
0.320679
0.600215
0.602312
0.289073
0.386008
0.529709
0.226946
-0.105599
0.110835
-0.402999
-0.609925
0.346622
0.161468
-0.367300
-0.157507
-0.021982
0.019099
0.068163
-0.192079
-0.109530
-0.038441
0.215235
-0.207954
-0.084755
0.189887
0.319291
0.115667
-0.131269
0.029374
-0.046454
0.362464
0.343560
-0.705738
0.050918
-0.195891
-0.059546
-0.329113
-0.204062
0.017718
0.147029
-0.121700
-0.111582
0.214620
-0.085236
-0.108299
0.072559
1.163410
0.787377
-0.176852
0.035167
0.256569
-0.162312
-0.041991
-0.178133
-0.238136
-0.311697
-0.134318
-0.389955
-0.079742
-0.137654
-0.214878
0.183926
-0.449360
-0.419223
0.036242
-0.172828
0.530434
-0.704041
0.044810
-0.650009
0.327415
-0.029283
-0.648925
0.180427
0.296431
-0.218126
-0.377820
-0.106450
0.265621
-0.218458
0.208225
0.126491
-0.616882
-0.647417
0.236423
-0.336895
0.258956
-0.342524
-0.187563
0.431696
0.285324
0.099598
-0.132086
0.261212
-0.348637
0.125907
-0.313437
-0.294434
