-0.902121
0.166834
0.181878
-0.507702
0.198030
-0.741575
-0.508166
0.473676
0.855295
-0.247019
0.063170
-0.200122
0.389446
-0.130124
-0.046432
-0.110323
-0.240543
0.051497
-0.092072
-0.325902
0.872851
0.103087
0.296906
-0.414562
-0.158674
-0.285218
-0.176939
-0.006218
-0.240398
0.106942
0.954763
0.066996
0.469227
-0.292194
-0.136303
0.482838
-0.551180
0.035231
-0.121132
0.178987
0.446082
-0.765326
-0.127109
-0.458522
-0.430028
-0.415930
0.100969
0.478521
0.236607
0.296614
0.172694
0.912835
-0.468123
0.744608
-0.378157
1.043200
-0.042133
-0.423720
0.572828
-0.492553
-0.012162
0.311178
0.539487
-0.375103
0.585424
0.234911
-0.187733
0.577535
0.020021
-0.101641
0.490566
0.313530
0.039918
-0.416200
0.756902
0.364908
-0.522806
0.270118
0.335665
-0.118977
-0.046338
0.554995
-0.374180
0.538194
-0.241407
-0.150493
-0.140937
0.081380
-0.525558
-0.604057
0.142673
-0.289850
-0.149591
0.255946
0.677915
0.060868
0.166155
-0.301201
0.368611
0.942908
-0.409382
-0.492699
-0.239792
-0.386161
-0.255717
0.547708
-0.050682
0.239750
0.260048
-0.074447
0.694835
0.537751
0.392632
-0.003297
-0.440571
-0.073775
-0.131286
-0.704961
0.655881
0.215970
0.419466
0.055658
0.160105
0.074117
0.307826
-0.040951
-0.608884
-0.271202
-0.291664
-0.391987
-0.306968
-0.615313
0.174346
0.569352
-0.222451
0.446590
0.119814
-0.041366
-0.142278
0.211133
0.161407
1.216880
-0.723292
0.180854
-0.500745
-0.629719
0.125539
0.078464
0.722712
-0.110768
0.405748
-0.272672
-0.407773
-0.080077
-0.809263
0.325844
-0.349304
-0.613386
0.173230
0.201954
0.228704
-0.640698
0.277778
-1.160330
-0.365371
0.207014
-0.851758
-0.089896
0.026769
-0.211024
-0.989998
-0.575495
0.490396
-0.165368
-0.007281
0.481128
-0.408057
0.014747
0.131313
-0.226426
0.000388
0.259617
0.029569
-0.002404
0.560376
0.254492
-0.773577
0.276352
0.283729
-0.094051
-0.037589
-0.493493
