-0.141602
-0.039640
-0.087536
0.144559
0.095407
-0.585218
0.576510
-0.486915
-0.226875
-0.470074
0.185206
0.279981
-0.371393
-0.088620
0.387035
-0.452743
0.680705
0.129299
-0.533684
0.437882
0.240411
-0.012275
-0.338097
-0.214094
-0.401074
-0.088924
0.647778
0.257133
0.103270
-0.232541
0.631130
0.364828
0.351265
-0.428998
-0.082074
0.062120
-0.444715
-0.643242
0.041869
0.351604
0.136711
0.093488
0.109951
-0.413002
-0.296112
0.209989
0.062930
0.446627
0.057994
0.576302
-0.260486
0.433642
-0.585012
0.152649
0.501153
0.355027
-0.198089
-0.120016
-0.600699
-0.255188
0.066515
0.311765
0.026212
-0.144185
0.179824
-0.239171
0.366758
0.200553
-0.151146
0.330796
-0.130941
-0.319861
0.338432
-0.171277
0.215212
0.231616
-0.384928
0.487649
-0.611174
0.702815
0.000285
-0.877603
0.417637
-0.428603
0.421635
-0.036886
0.585329
-0.118920
-0.301383
0.377971
0.241178
0.031234
0.407920
0.043161
0.248553
-0.410555
-0.363675
0.647181
0.050378
0.167209
0.424468
-0.041695
0.164866
-0.100513
-0.383940
-0.332043
-0.412704
0.204856
0.567201
-0.171554
-0.161771
0.854416
-0.245740
-0.713985
-0.349527
-1.013340
-0.267326
-0.262196
0.653716
-0.317214
0.406884
-0.061270
-0.351233
0.372850
-0.132514
-0.034931
-0.131166
-0.143324
-0.241997
-0.786949
0.190222
0.032671
-0.047536
0.212766
0.076661
-1.030490
0.591086
0.004921
-0.707361
0.519626
0.361846
0.408301
-0.615594
0.393878
-0.267293
-0.164948
0.247345
-0.176628
-0.049295
0.537107
0.333881
-0.161467
-0.168388
-0.242964
0.286983
0.820304
-0.162248
-0.607376
0.376347
-0.025391
0.773787
0.535162
0.547059
-0.544355
-0.211123
-0.275800
-0.275957
-0.041324
-0.417010
0.147736
0.249493
-0.161095
-0.695157
-0.192592
0.548183
0.238972
-0.504697
0.466888
0.244507
-0.595686
0.168763
0.515359
-0.395091
-0.199218
-0.196508
-0.384858
0.695168
-0.146858
-0.161040
0.051619
-0.406944
0.250296
