0.576670
0.262989
-0.227592
0.529570
-0.689915
0.055720
-0.424898
-0.349953
0.623912
-0.020989
0.735911
-0.485026
0.092213
0.777831
-0.342993
-0.736166
0.248506
0.514491
-0.864885
-0.781361
-0.281108
-0.141491
0.328419
0.207151
0.235603
-0.211323
-0.276549
-0.477128
0.372270
0.820368
0.125341
-0.007562
-0.269188
-0.347355
0.128275
-0.543879
0.402300
0.584835
-0.824715
0.575723
-0.413199
-0.350057
0.157830
-0.253638
-0.047514
0.531252
-0.328613
-0.306842
0.301395
-0.664199
-0.106562
0.322662
0.089706
-0.721267
-0.641404
-0.376087
0.263348
-0.579457
0.154439
0.331089
0.232260
-0.029923
-0.556712
0.575146
0.380192
0.211791
0.123502
-0.511665
-0.161616
0.348652
-0.747336
-0.058821
-0.031134
0.053861
-0.906619
0.019425
0.208054
-0.162377
0.435433
0.122060
-0.372235
0.391956
-0.741395
-0.174474
0.005872
-0.091822
0.575111
-0.313622
0.163419
0.047312
-0.128554
0.314790
0.645126
-0.022082
-0.402898
0.290612
-0.263279
0.233101
-0.206478
-0.130309
0.611962
0.235104
-0.435703
-0.034847
0.611992
0.535128
-0.318130
0.152669
-0.362975
-0.712708
0.329107
0.378368
-0.274968
0.043166
0.353632
-0.082854
0.523755
-0.321343
-0.221323
-0.587758
-0.101439
0.022621
0.446644
-0.232140
-0.215750
-0.245085
0.533365
0.149539
0.333431
0.540826
-0.363554
-0.688510
-0.608396
-0.567366
-0.094303
0.004680
-0.101285
0.128510
-0.353400
0.473438
-0.307313
-0.327960
0.511695
0.319091
0.030721
0.162805
0.427501
0.282890
0.381710
-0.027824
0.236700
0.408642
-0.050986
-0.018940
-0.170339
-0.479236
-0.351436
0.492561
0.616186
0.052029
-0.328720
0.178645
0.096057
0.404268
0.282251
0.037287
-0.037570
0.141718
-0.218263
0.628080
0.030373
0.143046
0.335215
-0.281568
-0.451999
-0.185867
0.216643
-0.075544
-0.135349
0.445882
0.171338
-0.151595
0.379771
0.102580
0.429737
-0.365817
-0.479936
0.136866
-0.385826
-0.019225
0.195315
0.468379
