-0.376867
0.025692
0.192387
-0.224801
-0.289988
-0.717540
-0.314031
0.182237
0.480479
-0.666662
0.415231
-0.219127
-0.145117
0.570735
-0.139380
-0.871248
0.107676
0.196605
-0.536151
-0.405688
0.583864
0.101490
-0.091218
-0.074408
-0.147805
-0.262424
0.060630
0.201777
-0.422708
0.606779
0.569861
0.451844
0.893534
-0.625561
0.679190
0.619024
-0.809403
-0.421057
0.020389
0.349151
-0.153934
-0.534254
0.347652
-0.807940
-0.471982
-0.071968
0.341248
0.080782
0.271746
0.401206
-0.005166
0.724949
-0.607601
0.142701
0.104860
0.959775
-0.124562
-0.306259
-0.051073
-0.463494
0.765624
-0.114732
0.329977
0.037968
0.298352
0.721064
0.354564
0.813388
-0.798837
-0.365817
0.032480
0.091867
0.229902
0.031732
0.121984
0.600097
-0.529585
0.354110
-0.285758
0.338672
-0.108700
-0.031050
0.203879
-0.073048
-0.085821
-0.110133
0.541511
-0.140367
-0.813191
-0.213810
0.521276
0.013704
0.587418
-0.257729
0.775376
-0.171528
0.019851
0.356428
0.353584
0.894663
0.169430
0.017983
-0.205673
-0.158398
-0.739471
0.390867
-0.239286
0.011274
0.394467
-0.640203
0.212645
0.941239
-0.397704
-0.349438
0.060423
-0.260299
-0.519185
-0.602690
0.370090
0.137989
0.649220
-0.320247
0.117316
0.297074
-0.043117
0.161513
-0.622285
-0.181889
-0.149626
-0.272145
-0.185851
-1.160400
-0.062521
-0.139091
-0.151248
-0.339544
0.672559
0.125597
-0.755711
0.399742
1.034860
0.825421
-0.366191
0.413548
-0.349010
-0.237517
0.247848
-0.407026
0.280891
0.216196
0.716007
-0.314935
-0.256210
0.095581
-0.446015
0.908489
-0.623116
-0.654997
0.481561
-0.146428
0.422144
-0.111557
0.528768
-0.726851
-0.180912
-0.342827
-0.760675
0.226910
-0.233738
0.324261
-0.596537
-0.215173
0.272518
-0.389569
-0.035241
0.300889
-0.932541
-0.052492
0.451715
-0.825964
0.878790
0.136400
-0.301926
0.357121
0.250797
-0.063344
-0.177515
0.339416
-0.397963
-0.524860
-0.235159
-0.050679
