0.512751
0.553009
0.079621
0.591637
0.299412
0.339451
-0.275269
-0.577640
-0.035519
0.754481
-0.503391
-0.405758
0.692297
-0.534271
0.191757
-0.190942
-0.166401
-0.207257
0.604448
0.088896
-0.579077
-0.348078
1.042260
-0.380326
-0.437102
-0.318396
-0.235022
0.100719
1.032390
-0.279349
0.664444
-0.611803
-0.275889
0.800302
-0.745878
-0.509857
0.072323
-0.119047
-0.618548
-0.582145
-0.250373
0.544120
0.111418
0.595135
0.504762
0.764114
0.066482
0.482383
-0.476732
0.486460
0.207321
-0.635039
-0.068662
-0.503516
-0.156097
-0.523153
0.197653
-0.529368
-0.784346
0.357954
-0.001944
0.444285
-0.866887
-0.613088
0.608197
-0.165101
-0.497621
-0.486459
1.031160
0.247487
-0.259513
0.015138
-0.334368
0.005547
0.184665
-0.519899
-0.251818
-0.279537
0.628929
-0.406775
-0.724760
-0.552456
-0.931647
-0.325567
0.098859
0.257227
-0.425592
-0.235339
0.984939
0.938625
0.146307
0.492009
-0.707835
0.321942
-0.563820
0.415541
0.103339
0.360222
-0.267858
-0.822480
-0.071457
-0.186554
0.342167
0.039325
-0.455134
-0.630648
0.647262
0.621564
-0.632841
-0.819133
-0.095975
0.088532
-0.059841
-0.126277
0.635098
-0.519762
0.160030
0.038405
0.281566
-0.320990
-0.840251
0.112361
0.482868
-0.271457
0.493368
0.519839
0.139254
0.191989
0.828107
-0.562894
0.612161
0.936753
-0.551041
-0.197838
0.488629
-0.371445
0.354393
0.008979
0.496479
-0.713173
-1.075370
-0.319325
0.754692
-0.792299
-0.227245
-0.086833
-0.249009
0.833052
-0.564225
-0.110794
0.388965
-0.567585
0.366106
0.667857
0.682095
-0.844877
1.126290
-0.475141
0.023510
0.044706
-0.839622
-0.252686
-0.000789
0.290086
-0.045734
0.157749
1.336590
-0.554089
-0.052765
-0.132331
1.225170
0.025960
-0.463408
0.581309
0.021333
-0.203736
0.063673
-0.310496
0.716973
0.939118
-0.472854
0.024424
0.147789
-0.284220
-0.329695
-0.307713
-0.022483
0.562514
-0.283349
0.537077
-0.269098
0.610507
