0.198607
-0.511126
-0.292493
0.382844
-0.043223
0.166729
0.284145
0.036045
-0.233492
0.299184
-0.275740
0.325619
-0.350617
-0.331537
0.710176
0.432008
0.603200
-0.181737
0.189469
0.456061
-0.029847
-0.433845
0.040551
0.592178
-0.150904
0.146604
0.249920
-0.337706
0.640594
0.023786
-0.194543
-0.094875
-0.179193
0.209944
-0.266936
0.058273
-0.214429
0.188908
0.448225
0.098427
0.046154
0.399877
0.131327
-0.052663
0.396999
0.208797
-0.152086
-0.001774
-0.875492
0.522857
0.149617
-0.313732
0.104019
-0.401767
0.660082
-0.641749
-0.517213
0.623713
-0.273622
0.251002
-0.137434
-0.250136
-0.213533
0.152172
-0.608971
-0.429216
-0.143419
0.140271
0.306187
0.185037
-0.283636
-0.126237
-0.297132
0.571774
0.204634
-0.262946
0.256409
0.125395
-0.303147
0.276100
0.082444
-0.652350
0.442099
-0.099031
0.266866
0.005237
0.392491
-0.439705
0.562854
0.652054
-0.160684
0.302248
0.027330
-0.187219
-0.253556
-0.314742
-0.025438
0.103873
-0.387033
-0.603596
0.040843
-0.194638
0.000380
-0.055066
0.247367
0.045618
-0.356659
0.076064
0.290160
-0.081976
-0.793822
0.291229
-0.221065
-0.088568
0.050563
-0.780377
-0.196717
0.026138
-0.147228
-0.206360
0.092585
0.411108
-0.559873
0.001345
-0.306398
-0.403182
0.531270
0.063283
0.175191
0.002419
-0.097330
0.347142
-0.124056
0.147075
-0.072391
-0.464083
-0.193454
0.034931
-0.236444
-0.153254
-0.405457
-0.329106
0.235648
-0.136552
-0.113621
0.067576
-0.069615
0.022343
-0.028551
0.048643
-0.076584
0.314916
0.183697
-0.104463
0.165381
-0.320111
0.446353
0.192965
0.091746
0.213330
-0.259258
0.311252
-0.041615
0.420823
-0.061539
-0.165102
0.544508
-0.031672
-0.253092
0.044127
0.691698
0.151527
-0.277961
-0.056163
0.631670
-0.110375
0.351453
0.642152
-0.740342
-0.256634
-0.374193
0.322788
-0.224727
-0.175120
-0.461436
-0.550190
0.771893
-0.270930
-0.168977
0.008221
0.164618
0.082377
