-0.112644
0.395403
0.419496
0.436209
-0.392674
-0.024091
-0.433639
-0.272524
0.215869
-0.030154
0.270615
-0.098215
0.671872
0.732156
-0.375349
-0.684039
0.136018
0.514207
-0.266161
-0.128821
-0.030229
0.368900
-0.072568
-0.201353
0.266618
-0.138528
-0.812457
0.191850
-0.256074
0.250554
0.279676
-0.043484
-0.100310
-0.339201
0.349722
-0.476612
0.869148
-0.460975
-0.979364
-0.311836
0.096707
-0.229893
-0.489586
0.039940
-0.015099
-0.170353
-0.198003
0.282947
0.640787
-0.350069
-0.019401
0.085052
0.111428
0.013988
-0.730822
0.150143
0.656882
-0.938903
0.247093
0.152677
-0.042702
0.313720
-0.076414
-0.222914
0.853057
0.146297
-0.023418
-0.738442
-0.383834
-0.116026
-0.076744
0.410943
0.264090
-0.270649
-0.657597
0.192724
-0.000736
-0.184660
0.426651
-0.318826
-0.344186
0.543680
-0.864121
-0.010265
0.200829
-0.037478
0.344475
0.373350
-0.230129
-0.084458
-0.031782
0.152888
-0.072419
-0.035323
0.308639
0.368214
-0.206973
-0.191428
-0.224943
-0.048865
-0.404688
0.141304
-0.438000
0.078588
0.257571
-0.158692
0.373651
0.039089
-0.383684
0.021998
0.703523
-0.332922
0.361126
0.027463
0.289912
0.752650
0.457626
0.122708
-0.306873
-0.151972
-0.036985
-0.255861
0.458106
0.073898
0.009424
0.011491
0.106196
-0.059398
0.322073
0.100941
0.613111
-0.457115
-0.045463
-0.436700
0.161369
0.418830
-0.177658
-0.459903
0.008472
-0.018832
-0.396085
-0.054470
-0.168205
0.103266
0.059025
0.222208
-0.003162
0.295979
0.284647
-0.227242
0.135184
0.078302
-0.128847
0.074443
0.043257
-0.217528
-0.113571
-0.090104
-0.130956
0.285725
-0.276680
0.101262
0.208889
0.140027
-0.508549
0.075267
0.005056
-0.309944
0.160701
0.179581
-0.048145
0.223686
-0.100873
0.235889
-1.098010
-0.290518
0.090985
-0.191123
0.586833
0.708420
0.021167
-0.321733
0.561758
0.366352
0.250795
0.281101
-0.643981
-0.164344
0.089989
-0.106567
-0.044040
-0.088239
