0.528164
0.107924
-0.539374
0.479703
0.157991
0.694313
0.547902
-0.631477
-0.410150
0.331977
-0.323734
-0.035825
0.228876
-0.516029
0.251412
0.439632
-0.053185
0.196850
-0.200452
-0.211781
-0.645635
-0.184293
0.276978
-0.174782
-0.264562
0.339926
0.357951
-0.249068
0.586326
-0.600095
-0.565125
-0.400057
-0.650947
0.185700
-0.290718
-0.825295
0.696435
0.406609
0.094870
-0.404327
0.040399
0.601563
-0.453889
0.995292
0.457034
0.349160
-0.503467
0.447929
-0.107019
-0.584769
-0.040809
-0.306720
0.391824
0.074051
0.316833
-0.890063
0.238964
0.207259
-0.470321
0.587072
-0.685384
0.226593
-0.383787
0.254858
0.106857
-0.502340
-0.114735
-0.821272
0.484670
0.688051
-0.411663
-0.777818
-0.404109
-0.230771
-0.137230
-0.437095
0.181181
-0.569252
0.183088
0.492769
-0.104958
0.009951
-0.171637
-0.377710
0.069728
0.418517
-0.021012
-0.067580
0.753197
0.330023
-0.474570
0.081039
-0.137002
0.156079
-0.549373
-0.253426
-0.276602
-0.064029
-0.322244
-0.749342
0.024823
-0.254487
0.206739
0.077276
0.682318
-0.781119
-0.231121
0.083761
0.069500
0.328706
-0.018720
-0.326159
-0.062104
0.092975
-0.325510
-0.404078
0.533411
0.303721
-0.214573
-0.492718
-0.449332
0.151311
-0.203361
-0.346907
-0.003571
-0.190007
0.868567
0.140719
-0.144625
0.093283
-0.093646
1.036380
0.073330
0.112467
0.189362
0.153485
-0.148958
0.061566
0.232417
0.077588
-1.022280
-0.458931
0.243425
-0.078038
0.218461
0.159352
0.224983
0.302935
-0.062550
0.212522
-0.117267
0.112355
0.259160
0.042094
0.402789
-0.645810
0.090556
0.620203
-0.071140
0.408325
0.013633
0.451116
-0.151822
0.735205
0.099104
0.485146
0.422433
-0.336574
0.138617
-0.066601
0.564457
0.121474
-0.448624
0.118322
0.254564
0.092063
0.678690
0.249764
-0.437088
0.385205
-0.747829
0.043473
0.276765
-0.748436
-0.258046
-0.400340
0.173424
-0.068666
0.363699
0.238390
0.302731
0.237292
