0.319012
1.117040
0.217673
0.556412
0.299957
0.404102
0.184197
-0.771805
-0.222046
0.513980
-0.162078
0.175673
0.649655
-0.300960
0.275232
0.495437
0.487201
0.413311
-0.029617
-0.630885
-0.653069
-0.386876
0.233582
0.007280
-0.185743
-0.013289
-0.375180
0.122457
0.797373
-0.594837
-0.565842
-0.407038
-0.421011
-0.267384
0.055984
-1.023920
0.977381
-0.320028
-0.517138
-1.040640
0.752783
0.783996
-1.066450
1.306140
0.463893
0.671348
-0.762130
0.974484
-0.117779
-0.187578
0.844404
-0.159322
0.620037
0.052831
0.236635
-0.653689
0.527041
-0.922336
-0.634512
0.430577
-0.644818
0.745987
-0.401502
-0.495150
0.238905
-0.333458
-0.062101
-1.228540
0.205459
0.702655
-0.634042
-0.089596
-0.236029
-0.250562
-0.251942
-0.188454
-0.037027
-0.825243
0.395779
0.325685
-0.636166
-0.486961
-0.632491
-0.385384
0.338918
0.059053
0.925503
0.286871
0.732083
0.116877
-0.252322
0.260840
0.136933
0.058445
-0.230066
0.744583
0.227239
0.085694
-0.625108
-0.896359
-0.003494
-0.604113
-0.422537
-0.236596
0.242291
-0.958425
0.380228
-0.330793
-0.721117
0.500664
0.188066
-0.260074
-0.173832
-0.243295
-0.004447
-0.081912
0.850987
0.139421
-0.238294
-0.595985
-0.467272
0.172853
-0.118565
-0.496406
0.233285
0.103901
0.855986
0.336313
0.277492
-0.305550
0.658858
0.850539
-0.119982
-0.008738
0.476897
0.423802
-0.293837
-0.671516
0.380861
-0.313872
-0.846232
-0.232727
0.270033
-0.139362
0.640193
0.011359
-0.309209
0.974829
-0.541002
-0.191366
0.099274
-0.129393
0.355201
-0.185274
0.640369
-0.766890
0.083220
0.027336
-0.282807
0.877964
-0.048601
0.411054
0.106833
0.566136
-0.459571
0.589703
0.385024
-0.504241
0.333146
-0.243918
0.460054
0.519414
-0.800766
0.199634
-0.387344
-0.198801
0.366914
0.131059
-0.160133
0.686919
-0.884225
-0.345111
0.549863
-0.112189
-0.029586
-0.489930
0.141986
-0.351198
0.212522
0.527646
-0.245007
-0.022712
