-0.290340
-0.780755
0.160164
-0.378896
-0.063112
-0.368906
-0.222570
0.604958
0.238342
-0.573487
0.099951
-0.040510
-0.504249
0.231828
-0.434464
-0.505262
-0.326872
-0.453594
0.324232
0.679595
0.553115
0.240133
-0.380826
0.185136
0.197613
-0.261777
0.073069
-0.091876
-0.566824
0.711979
0.670905
0.155762
0.373843
0.298720
-0.277423
0.792050
-0.904486
0.101672
0.022429
1.190300
-0.744975
-0.807515
1.272300
-1.442590
-0.336771
-0.548344
0.549009
-1.140240
0.075173
0.483863
-0.500052
0.060086
-0.424109
-0.551186
-0.284007
0.285345
-0.541366
0.635410
0.708992
-0.415275
0.594358
-0.719408
0.201401
0.246397
-0.481594
0.264725
0.017314
0.923483
-0.314204
-0.664625
0.523394
0.158765
0.453646
0.215426
-0.068409
0.164523
0.231873
0.580804
-0.318058
-0.677479
0.374047
0.102589
0.574205
0.387558
-0.276373
-0.249466
-0.686899
0.003970
-0.618367
-0.284296
0.087716
-0.144153
-0.110683
-0.009393
0.185205
-0.220929
0.076175
0.200821
0.737374
0.853699
0.271758
0.584007
0.175957
0.175178
-0.183369
0.918712
-0.078500
0.223436
0.267650
-0.350124
-0.238831
0.194754
0.220383
-0.004803
0.143805
0.026600
-0.659637
-0.177979
0.267387
0.474839
0.393562
0.028506
0.143521
0.393153
-0.143931
0.124432
-0.965035
-0.216853
-0.008733
0.210387
-0.385538
-0.908035
-0.124272
-0.007656
-0.230876
-0.489083
0.200786
0.385593
-0.228870
0.245765
1.147980
0.134478
-0.215277
0.287034
-0.304534
0.108382
0.204676
-0.769770
0.542898
0.062847
-0.334222
0.218281
-0.156493
-0.235030
-0.581498
0.677976
-0.066925
-0.204205
0.478203
-0.637905
0.247211
-0.356608
-0.032608
-0.673856
0.468337
-0.800787
-0.396775
0.509356
-0.209109
0.348412
-0.412707
-0.324586
0.661423
-0.208411
0.154670
0.085487
-0.387510
-0.133083
0.199116
-0.449522
0.629271
0.403673
-0.416083
0.529081
0.174204
0.550928
-0.042477
0.151194
-0.286877
-0.262498
0.081912
0.045833
