-0.464310
-0.214918
0.232755
-0.192329
-0.230054
-0.447501
-0.155689
0.423597
-0.358220
-0.770459
0.108135
0.203425
0.014047
0.041150
-0.612714
-0.101449
-0.326947
-0.153863
0.065299
0.300251
0.559346
0.415265
-0.407517
-0.258403
0.115012
0.131329
0.029581
0.345894
-1.080930
-0.016757
0.307511
0.928384
0.467585
-0.868164
0.624120
0.612557
-0.659167
-0.816192
0.562673
-0.337809
-0.399581
-0.946019
0.116313
-0.487225
-0.846487
-0.908250
0.149930
-0.191505
0.979324
0.450424
-0.090683
0.318452
-0.710261
0.868012
0.448933
0.852720
-0.083708
0.002309
-0.255046
-0.673467
0.651318
-0.298923
0.493579
0.003659
0.038347
0.355988
-0.066691
0.558128
-0.963987
-0.509122
0.547218
-0.277735
0.276470
-0.325791
0.199815
0.627233
-0.337474
0.476612
-0.310768
-0.157414
0.175473
0.322191
0.202886
0.284052
0.160666
0.241606
-0.244990
0.307669
-0.577857
-0.526500
0.168236
-0.854963
0.000542
0.237034
0.823931
-0.651731
-0.236342
0.005853
0.965423
1.068520
-0.902386
0.207898
0.062526
0.450364
-0.225391
-0.137326
0.545802
-0.121227
0.862418
0.042992
0.602385
0.015050
0.468679
0.293464
-0.377042
0.527276
-0.509110
0.174086
0.008083
0.157753
0.169320
-0.283776
-0.092970
0.254127
0.344213
0.006413
-0.194398
-0.780241
-0.271198
-0.021118
-0.113670
-0.687451
0.576482
-0.128882
-0.296046
0.335884
0.648381
-0.128137
-0.099641
0.168985
0.980719
0.378695
-0.883981
0.776123
-0.077317
0.288272
0.267902
-0.940353
0.276581
0.524093
-0.330261
-0.147104
-0.014380
-0.507690
-0.085990
1.247920
-0.418023
-0.474917
-0.493949
-0.705197
1.256850
-0.133410
-0.249159
-0.820301
-0.121348
-0.206995
-0.563199
0.114707
-0.091931
-0.134777
-0.488738
0.016018
0.160200
0.129549
0.080634
-0.129804
-0.514341
-0.410909
0.526365
-0.636150
0.869724
0.222068
-0.375256
-0.166924
0.124374
1.029600
-0.130615
0.195686
0.281236
-0.100872
0.246942
-0.653814
