0.741657
0.055952
0.130441
1.271510
-0.026842
0.845411
0.123487
-0.215386
-0.500285
-0.210675
0.134881
0.132779
0.412195
-0.119538
0.155569
-0.514342
0.398562
0.273357
-0.119549
0.594223
-0.499917
-0.560624
0.198557
0.463963
0.024972
-0.261869
0.105883
-0.491222
0.767329
0.430097
0.059585
-0.234587
-0.625656
0.100924
-0.087823
-0.910120
0.476874
-0.147916
-0.275871
0.108771
-0.036202
0.099641
0.099450
-0.054273
0.719341
0.134063
-0.580986
0.153005
-0.360228
0.608355
0.182268
-0.382715
0.270877
-1.085120
0.660818
-1.136180
0.032368
-0.128908
-0.430411
0.977098
-0.284514
0.241646
-0.494403
0.113851
-0.170741
-0.165633
-0.341363
-0.586680
0.217369
0.384512
-0.225957
-0.289045
-0.277158
0.016308
-0.445340
-0.087112
0.440782
-0.343241
-0.117840
0.125023
-0.489934
-0.677755
-0.010017
-0.298112
0.460190
0.341298
0.812212
-0.252977
0.695367
0.941726
-0.317072
0.483453
0.014022
0.044304
-0.333836
0.281723
0.136740
0.236589
-0.095621
-0.630574
-0.148206
-0.076082
-0.460999
0.266937
0.599968
-0.302472
0.008653
0.062843
-0.321038
0.024819
-0.662556
-0.296362
-0.047639
-0.362839
-0.064174
-1.174130
0.032468
-0.105519
-0.476295
-1.069250
0.234106
0.756835
-0.432997
-0.545347
-0.546815
0.047045
1.028470
-0.272088
0.327989
0.502914
0.137402
-0.087656
-0.218797
-0.367219
0.310032
0.008692
-0.360073
-0.177917
0.329228
-0.598545
-0.683830
-0.840751
0.376917
0.228174
0.140920
0.368590
-0.295819
0.115498
0.204714
-0.084247
-0.011982
0.510199
0.441420
-0.348644
0.242753
-0.431496
0.589310
0.056802
0.313060
0.661253
-0.218144
0.631410
-0.044883
0.669432
-0.347295
-0.310827
0.928578
-0.201829
-0.131320
0.400258
0.505859
0.483290
-0.646744
-0.046093
0.034721
-0.582025
0.554526
0.916297
-0.544072
0.042394
-0.544425
0.394016
0.198304
-0.195275
-0.360609
-0.215339
0.231718
-0.247104
-0.033711
-0.132877
0.292845
0.463488
