0.334404
0.192042
-0.026862
0.442735
0.015857
0.227595
-0.105082
-0.344316
-0.112625
0.427072
-0.248495
-0.194597
0.378156
-0.170515
0.148185
-0.152995
0.009925
-0.047022
0.198778
0.113410
-0.333825
-0.158669
0.467240
-0.197774
-0.180216
-0.102608
-0.109384
0.022703
0.510884
-0.190386
0.277290
-0.347270
-0.277650
0.390568
-0.392484
-0.376187
0.198443
-0.086722
-0.302901
-0.249148
-0.109627
0.305061
-0.034578
0.348941
0.301374
0.364547
-0.031852
0.277564
-0.232974
0.193335
-0.008967
-0.346714
-0.006729
-0.252735
-0.112457
-0.370585
0.148502
-0.272336
-0.457431
0.261214
-0.072561
0.256937
-0.502611
-0.227055
0.361198
-0.183515
-0.257476
-0.340404
0.538893
0.176828
-0.176479
-0.043143
-0.182452
0.012745
-0.002323
-0.266881
-0.098049
-0.148161
0.288625
-0.136989
-0.339653
-0.233680
-0.510785
-0.237658
0.146385
0.117368
-0.188854
-0.181772
0.524547
0.571765
0.043917
0.267022
-0.371099
0.146626
-0.349293
0.106418
-0.054871
0.130230
-0.198342
-0.515602
-0.050412
-0.052302
0.143574
0.103711
-0.093720
-0.384697
0.290794
0.340634
-0.294548
-0.361114
-0.067621
0.015521
-0.003966
-0.040742
0.311215
-0.280476
0.128252
0.049133
0.087231
-0.214157
-0.420298
0.072081
0.218486
-0.127142
0.166026
0.213015
0.204123
0.095713
0.425962
-0.250820
0.354531
0.497591
-0.267423
-0.124973
0.265694
-0.161850
0.128314
0.021388
0.262020
-0.353815
-0.721852
-0.319533
0.412526
-0.380824
-0.134609
-0.000696
-0.114355
0.444976
-0.250486
-0.004407
0.191794
-0.196256
0.205537
0.330433
0.389783
-0.430497
0.609873
-0.127398
0.010824
0.052563
-0.504102
0.034474
-0.012183
0.285923
-0.062322
0.072405
0.767365
-0.291434
-0.067105
-0.017248
0.665505
0.043245
-0.280116
0.312276
-0.032741
-0.128339
0.149729
-0.029827
0.296341
0.504794
-0.281765
0.065128
0.114612
-0.209650
-0.215586
-0.168482
0.029598
0.220811
-0.065191
0.234161
-0.082343
0.358838
