-0.317657
0.106467
0.233237
-0.229587
-0.431437
-0.515976
-0.668129
0.383617
0.678779
-0.590539
0.400540
-0.458291
0.118074
0.761523
-0.366476
-0.884964
-0.217798
0.218812
-0.427395
-0.811614
0.511670
0.095604
0.098191
0.032363
-0.010269
-0.264564
-0.302437
0.099119
-0.493876
0.866313
0.342666
0.339733
0.871753
-0.558752
0.945163
0.599123
-0.681196
-0.218260
-0.063784
0.161136
-0.280853
-0.651414
0.305615
-0.691542
-0.361473
-0.127916
0.310888
-0.039193
0.305611
0.136761
0.148014
0.653854
-0.416737
0.056497
-0.057538
0.907838
0.004791
-0.357374
0.154205
-0.340059
0.879473
-0.273913
0.328303
0.157163
0.321924
1.036910
0.245946
0.803594
-0.936311
-0.556863
0.003994
0.186468
0.039586
0.097529
-0.032803
0.624870
-0.467987
0.051741
-0.018056
0.109780
-0.259918
0.437967
-0.033386
0.027564
-0.276533
-0.057276
0.473628
-0.112602
-0.803082
-0.415461
0.506506
0.040062
0.537180
-0.371866
0.832550
-0.009242
0.200124
0.140414
0.372501
0.955781
-0.057921
0.015628
-0.404598
-0.135165
-0.686148
0.530501
-0.094016
-0.053168
0.218976
-0.731466
0.366142
0.720579
-0.407876
-0.056031
0.263428
0.137583
-0.434003
-0.640593
0.068703
0.252441
0.554057
-0.331841
0.334464
0.128312
-0.008971
0.217826
-0.579568
-0.136941
-0.021015
0.073822
-0.297915
-1.425610
-0.080167
-0.329122
-0.157114
0.141653
0.539112
0.149201
-0.601653
0.199837
1.003290
0.776581
-0.063105
0.343702
-0.284627
-0.141506
0.202317
-0.394278
0.419001
0.020053
0.801800
-0.304020
-0.176892
0.277629
-0.678618
0.619083
-0.689932
-0.477318
0.444769
-0.036791
0.079167
-0.335183
0.383376
-0.504943
-0.184041
-0.255911
-0.699553
0.246668
-0.094137
0.384114
-0.763331
-0.151165
0.648281
-0.356591
-0.379738
0.250237
-0.834941
-0.268439
0.432410
-0.673599
0.935754
-0.070505
-0.088483
0.485015
0.371031
0.085961
-0.586426
0.525657
-0.390186
-0.725326
-0.016778
-0.148016
