0.952487
-0.153378
-0.344439
1.184270
-0.537333
0.763697
-0.081196
-0.562010
-0.366875
0.464975
-0.061852
-0.240375
0.488209
0.381892
0.281610
-0.563509
0.305462
0.261482
-0.474438
0.607136
-0.489113
-0.277570
0.399548
-0.286256
-0.144125
0.296400
0.351161
-0.253193
0.628073
-0.292228
0.049878
-0.625175
-0.989965
0.461305
-0.760573
-1.002320
0.714544
0.103436
-0.131758
0.425840
-0.207117
0.458515
-0.132834
0.610205
0.648856
0.230297
-0.123451
0.352897
-0.049730
0.021559
-0.727353
-0.485744
0.168336
-0.146678
-0.680263
-0.962589
0.662117
-0.390844
-0.780490
0.818846
-0.396652
0.584863
-0.859718
0.236629
0.623081
-0.401624
-0.545704
-0.710772
1.148180
0.447667
-0.218496
-0.444119
-0.259437
0.037846
-0.321132
-0.466472
0.087422
0.066378
0.166927
0.139201
-0.118402
0.042728
-0.726300
-0.431999
0.505065
0.136346
-0.433517
-0.621803
0.767001
1.266080
-0.119719
0.375151
-0.354999
0.180957
-0.943909
-0.323267
-0.524507
-0.015734
-0.354019
-0.763974
0.109705
0.155932
0.250611
0.664433
0.440445
-0.555065
-0.021247
0.581477
-0.142074
-0.393686
-0.307530
0.070383
0.081098
-0.160698
0.389302
-0.604733
0.085513
0.090008
-0.036523
-0.620258
-0.543060
0.221895
0.164642
-0.117961
-0.251427
-0.083865
0.669387
-0.093577
0.324282
-0.153017
0.250852
0.464220
-0.318553
-0.398556
0.275751
0.086466
-0.064365
0.219926
0.787675
-0.351545
-1.691410
-1.296950
0.604520
-0.473610
-0.216195
0.058834
-0.104654
0.552269
0.031835
0.308443
0.111731
0.125645
0.174703
0.281126
0.334176
-0.449498
0.969988
0.336882
0.090375
-0.025191
-0.870460
0.586171
-0.154719
0.707139
-0.063748
-0.029631
1.177120
-0.396956
-0.253122
0.185541
0.494051
0.196611
-0.431553
0.216970
-0.072410
-0.311247
0.518031
0.564175
-0.010217
0.559123
-0.383591
0.359586
0.015067
-0.655833
-0.537421
-0.184788
0.271044
0.034931
0.160153
0.306536
0.208584
0.682066
