-0.303745
-0.286623
-0.517018
-0.678938
-0.130021
-0.708099
-0.076133
0.193136
0.623897
-0.681515
0.300274
-0.193837
-0.570441
0.479873
-0.182596
-0.089707
-0.162571
-0.144146
-0.441849
-0.361401
0.555091
0.053789
-0.516786
0.115333
-0.084621
0.204866
0.225647
-0.081605
-0.455412
0.244275
0.099640
0.139173
0.419920
-0.201396
0.027141
0.584961
-0.865390
0.384282
0.250591
1.303310
-0.270514
-0.426259
0.659258
-0.717120
-0.523783
-0.100857
0.512051
-0.563155
0.118191
-0.309710
-0.481904
0.699186
-0.252326
0.355499
-0.303192
0.583154
-0.287119
0.418647
0.324424
-0.360977
0.332997
-0.450504
0.224693
0.811743
-0.208025
0.550396
0.448798
0.952273
-0.478488
-0.062134
-0.052962
-0.366330
0.246451
0.237349
-0.076160
0.361160
-0.194737
0.259790
-0.481766
0.200274
0.207417
0.549335
0.553309
-0.027168
-0.146901
-0.419339
-0.314968
-0.079247
-0.875493
-0.543047
0.260687
-0.283964
0.701844
-0.269092
0.217176
-0.555256
0.061792
0.323790
0.524191
1.142780
0.550335
0.102055
0.023013
-0.175133
-0.440266
0.590542
-0.948700
0.278891
0.924279
-0.311614
0.123433
1.058150
-0.268026
-0.049131
-0.148813
-0.222335
-0.432411
-0.615197
0.573906
0.679773
0.272445
-0.082174
0.192963
0.508307
-0.178149
-0.227079
-0.968839
0.162905
-0.413799
-0.337792
-0.761391
-0.843809
-0.327289
0.162309
-0.176482
-0.304725
0.312906
0.628011
-0.712950
0.786529
0.993430
0.451808
-0.176321
0.549371
-0.247298
-0.125648
0.588216
-0.739556
0.855565
0.411188
0.433517
-0.136490
-0.288881
-0.133901
-1.133890
0.821471
-0.831062
-0.170437
0.885128
-0.083933
0.363506
-0.027362
0.170148
-0.754541
0.414734
-0.512571
-1.047680
0.521110
-0.481308
0.446586
-0.954411
-0.572421
0.821079
-0.489029
0.265923
0.643863
-0.509798
0.021571
-0.206989
-1.008700
0.485939
0.517287
-0.292999
-0.103341
0.294917
-0.085025
0.187673
0.358182
-0.049998
-0.321553
0.164608
0.006174
