-0.265880
-0.309809
0.541271
-0.800664
0.051857
-0.150081
-0.257316
0.713983
0.520461
-0.185858
-0.045961
-0.164406
-0.273043
0.186319
-0.220417
-0.487336
-0.476712
-0.173469
0.135342
0.065174
0.405286
0.340406
-0.353285
-0.132170
0.402496
-0.504921
0.100802
0.053662
-0.550808
0.503024
0.531184
-0.366050
0.178547
0.506361
-0.120165
0.626164
-0.480902
0.068388
0.071392
0.783038
0.141546
-0.407148
0.441501
-0.824078
-0.269786
-0.485413
0.515950
-0.437020
-0.089909
0.460714
-0.004328
0.231186
-0.043258
-0.112242
-0.509070
0.731869
-0.156809
0.018138
0.810336
-0.336724
0.342401
0.092471
0.553108
-0.154059
-0.103008
0.345913
0.052530
0.797937
0.013322
-0.653050
0.701219
0.647324
0.294636
0.334901
0.302729
0.216572
-0.005589
0.264311
-0.063210
-0.416491
0.394069
0.304365
0.430714
0.373466
-0.387365
-0.404606
-0.595290
-0.033796
-0.611271
-0.497527
0.206699
-0.143942
-0.248642
-0.129652
0.381220
0.364092
0.471056
-0.251460
0.375674
0.777650
0.312044
0.333437
0.179992
-0.113681
-0.478256
0.703626
0.069066
-0.319720
-0.587338
0.148616
-0.329401
-0.273439
0.113078
-0.223856
-0.378221
0.380516
-0.465100
-0.189745
0.312299
0.593693
0.627889
-0.035730
0.160950
0.014380
-0.125835
0.712687
-1.125940
0.073632
-0.275362
0.155677
-0.154375
-0.699818
0.089358
0.155914
-0.014727
-0.018805
-0.225794
0.248238
0.172734
-0.123046
0.872386
0.346771
-0.283784
-0.110586
-0.050676
-0.534251
-0.385339
-0.202979
0.000566
-0.395208
0.104026
-0.085599
-0.261439
0.145217
-0.583700
0.547338
0.071896
-0.270743
0.217698
-0.483940
-0.085774
-0.421943
0.095257
-0.719850
0.091374
-0.245533
-0.711186
0.290456
0.173485
-0.118126
-1.253250
-0.399781
0.531109
-0.224075
-0.212830
0.269837
-0.406734
-0.231459
0.470199
-0.359666
0.578027
-0.015933
-0.375633
0.706675
0.534604
0.603781
-0.429616
0.042602
-0.161510
-0.187411
-0.179860
-0.185312
