0.476865
0.313678
-0.120909
0.654664
0.057066
0.275493
0.151850
-0.455815
-0.715959
0.103606
0.345609
0.201150
-0.019463
-0.372350
-0.244197
0.183065
0.353481
-0.008261
0.105270
0.402441
-0.583690
-0.365407
0.649050
0.266652
-0.142370
0.106705
0.126142
-0.041269
0.513315
-0.037252
-0.275572
0.648368
0.067248
-0.388366
0.024686
-0.549028
0.248165
-0.129971
-0.093346
-0.783933
-0.348518
0.162950
0.022145
0.328041
0.270949
0.411182
-0.501663
0.033815
0.119801
-0.095390
0.007416
-0.458288
-0.192343
-0.440450
0.642952
-0.738763
-0.019249
0.061766
-0.642970
0.207291
0.018089
-0.197836
-0.547935
-0.243776
-0.193041
-0.304394
-0.188035
-0.665705
0.070096
0.337136
-0.345587
-0.310017
-0.198800
-0.454650
-0.296861
-0.236296
0.138456
0.161332
0.165164
0.185948
-0.308826
-0.905627
-0.290818
-0.120954
0.165325
0.518779
0.419157
0.137773
0.720479
0.652512
-0.074142
0.184534
0.038952
0.422093
-0.617918
0.048466
-0.245941
0.356230
-0.219132
-1.068170
-0.177028
0.077327
-0.013165
0.294363
0.377042
-0.296098
0.399370
0.217034
0.112851
-0.310547
0.105785
-0.117560
-0.073793
0.147523
0.572169
-0.198464
0.166422
0.351312
-0.506238
-0.732809
-0.380590
-0.058955
-0.149095
-0.117175
0.124343
-0.378774
0.914819
-0.402487
0.353426
0.154785
0.180998
0.661039
0.033398
-0.415923
-0.160463
-0.146833
0.330988
-0.380239
0.073184
-0.115247
-0.487420
-0.390938
0.309008
-0.085636
0.042529
0.626501
0.187268
0.182971
-0.406754
0.165051
-0.532170
0.146307
0.242064
-0.302286
0.983577
-0.491543
0.248054
0.161931
-0.443963
-0.080692
0.219835
0.107257
-0.263248
0.750364
0.174978
0.123798
0.894153
-0.138593
0.025715
0.134286
1.522110
0.632458
-0.576993
0.272256
0.372196
-0.628287
0.167739
-0.071676
-0.118855
0.597619
-0.197685
-0.427745
0.113762
-0.300992
-0.667355
-0.431287
0.330568
-0.021996
-0.186159
0.248848
-0.052890
0.321119
