0.020292
-0.471044
0.046597
-0.087791
-0.590330
-0.528530
-0.706020
0.822236
0.553229
0.160575
0.468250
-0.564314
-0.228722
0.550270
-0.446567
-0.576224
0.203390
0.017138
-0.305734
-0.288097
0.132823
-0.034878
0.846146
0.178154
0.309464
-0.336131
-0.076400
-0.050440
-0.245772
0.936987
-0.084734
0.234560
0.636600
-0.312733
0.540673
0.148517
-0.457904
0.255501
0.197247
0.393003
-0.418834
-0.787443
0.589845
-0.820891
0.031295
-0.157762
-0.118657
-0.474963
0.191721
-0.065964
-0.437173
0.270747
-0.360638
-0.542378
-0.261651
0.102309
-0.262212
0.228763
0.197147
-0.495312
0.974275
-0.645727
0.013269
-0.108933
-0.109792
0.373740
0.016622
0.475749
-0.417681
-0.555643
0.084223
0.115727
0.225208
-0.141396
-0.131991
0.194638
-0.302094
0.669060
0.472741
-0.051296
-0.006655
0.018200
-0.263797
0.395134
-0.650286
0.047601
0.008998
-0.234091
-0.472969
-0.136075
0.604745
0.426623
-0.017518
-0.004188
-0.027727
-0.043039
-0.123836
-0.207803
0.059561
-0.357789
0.448659
0.431830
-0.282837
0.185348
0.283867
1.373460
-0.023614
-0.019642
-0.456778
-0.680441
0.208736
0.347553
-0.300535
0.477201
0.878602
0.735589
-0.319640
-0.260642
-0.422065
0.410953
0.650509
-0.409231
0.347895
-0.105446
-0.077801
0.018460
-0.517923
-0.226806
0.194199
0.294652
-0.491070
-0.834664
0.094238
-0.223320
-0.522677
0.249171
0.452775
0.225337
-0.288403
0.419795
0.745916
0.374037
0.280941
-0.237658
-0.541747
-0.038341
0.348384
0.121666
0.239144
-0.263008
-0.188238
0.121177
-0.217177
0.113268
0.064390
0.120364
-0.555759
0.420166
0.011451
-0.655400
-0.478224
-0.524397
0.034004
0.250584
0.476732
-0.093693
-0.370049
0.548439
0.419260
0.353370
-0.072944
0.184250
0.862613
-0.380629
-0.147380
-0.013666
-0.286169
-0.398154
0.213886
0.331607
0.630453
-0.898908
0.003767
0.805523
0.017462
-0.336466
-0.675195
0.412930
-0.573806
-0.774531
-0.140480
0.257914
