0.027969
-0.012015
-0.289419
-0.718855
-0.091226
-0.107320
-0.196071
0.148789
0.128601
-0.251789
0.152289
-0.047257
-0.460440
-0.441865
-0.521468
0.486635
-0.856253
-0.337833
-0.147061
-0.361288
0.367154
0.193103
-0.284589
-0.294374
0.059802
0.177157
0.462479
-0.191792
-0.529965
-0.245730
0.206935
0.694905
-0.170896
-0.409354
-0.047533
0.715451
-0.663259
0.526399
0.432030
0.105284
-0.492536
-0.627775
0.126649
0.007701
-1.122330
-0.206755
0.340260
-0.509417
0.687893
-0.210616
0.220131
0.369921
-0.364721
0.969234
-0.053924
0.844683
-0.130595
0.041826
-0.029853
-0.574656
0.360983
-0.105984
0.089782
0.514120
-0.006281
0.104745
-0.151585
0.524664
0.041647
0.100144
0.163519
-0.375638
-0.093571
0.130160
0.341540
0.168648
-0.015556
0.140423
0.034713
-0.079789
0.453801
0.823436
-0.066469
0.201792
-0.013506
0.082602
-0.845039
-0.114186
0.257442
-0.654058
-0.309987
-1.179160
0.302176
0.581233
-0.002836
-0.452677
-0.183506
-0.001521
0.946208
1.248680
-0.316669
0.103722
0.502608
0.122700
-0.087998
-0.004742
0.240604
-0.011480
0.602632
-0.168460
0.481838
0.005726
0.403208
0.347152
-0.792000
0.153516
-0.092841
0.165463
0.392312
-0.099094
-0.467889
-0.096933
0.048600
-0.088236
0.578995
-0.054496
0.294897
-0.371843
-0.497745
0.363276
-0.850290
-0.135682
0.076311
0.041155
-0.418212
0.251632
0.203130
0.289282
0.109129
0.247804
0.374735
0.199325
-0.527846
0.589698
0.264943
0.000484
0.377777
-0.635493
0.019546
0.534512
-0.297571
-0.103779
0.078668
-0.373433
-0.341049
0.687805
-0.217795
0.107536
-0.274883
-1.068410
1.167690
-0.342529
-0.674129
-0.908167
0.631828
0.420272
-0.622885
0.047314
-0.331647
-0.511188
-0.759333
-0.343412
0.396109
0.015685
0.513237
-0.066877
-0.195390
-0.775976
0.092564
-0.509093
0.689050
0.380647
-0.486261
-0.822000
0.645057
0.988211
-0.259780
0.411432
0.276153
0.721678
0.410978
-0.518657
