-0.540668
0.243058
0.022958
-0.419354
0.653255
-0.059963
0.439551
-0.294282
-0.311240
-0.085858
-0.608247
0.581474
0.073253
-0.408653
0.494750
0.854605
-0.051909
-0.229266
0.496442
0.359699
0.356519
0.102086
-0.706560
-0.203994
-0.429587
0.506177
0.087090
0.408059
-0.096653
-1.059000
-0.081732
-0.107813
0.021997
0.090959
-0.329593
0.372506
-0.195431
-0.508640
0.369003
-0.373155
0.508159
0.559192
-0.411802
0.696394
-0.157185
-0.245986
0.358958
0.492541
-0.137198
0.320706
0.312781
-0.110333
0.197287
1.104740
0.131074
0.356035
0.079538
0.000912
-0.281781
-0.169617
-0.576005
0.366464
0.314519
-0.180626
-0.023640
-0.172970
0.021180
0.144155
0.208362
0.104175
0.241104
-0.146620
0.013345
0.129705
0.523807
-0.016707
-0.099827
-0.176864
-0.501343
-0.010447
0.193548
-0.012171
0.454019
-0.070663
0.358124
-0.138257
-0.332948
0.383601
-0.026375
-0.181086
-0.176205
-0.496280
-0.077885
-0.076259
0.414149
-0.238569
0.144313
0.051314
0.114512
0.554252
-0.473217
-0.499203
0.327673
-0.167904
-0.646161
-0.977470
0.041467
-0.017794
0.719783
0.605621
-0.022179
0.101351
0.284599
-0.308293
-0.524595
-0.177241
-0.142219
0.228834
0.556753
0.319655
-0.413498
0.096220
-0.332451
0.477786
0.319935
-0.066463
-0.290500
0.103698
-0.310599
-0.830743
0.326368
0.599990
0.248148
0.469977
0.295883
-0.078255
-0.055285
-0.250866
0.215572
-0.231300
-0.109689
0.139990
-0.582119
0.043473
0.243717
-0.171119
-0.234537
-0.182384
-0.191578
0.290616
0.139587
-0.523218
0.013213
-0.168756
-0.216730
0.374987
0.185885
-0.652043
-0.260227
0.349486
0.515206
0.152849
0.043616
-0.690669
-0.393002
0.016122
-0.209277
-0.358862
-0.173853
-0.545165
-0.260913
-0.232080
-0.511012
0.258174
0.230538
0.276356
-0.178267
0.172062
-0.014651
-0.576896
-0.368511
0.580764
-0.266219
-0.447705
-0.207521
0.320889
0.707453
-0.275723
0.517963
0.535236
-0.092872
-0.574823
