-0.426775
-0.523156
0.155094
-0.794112
-0.285877
-0.850427
-0.289321
0.644567
0.529164
-0.032643
0.573146
-0.007746
-0.923271
0.319325
-0.216031
-0.366563
0.272212
-0.077147
-0.274675
0.229226
0.599488
0.268588
0.130548
-0.083388
0.248501
-0.197658
0.477989
0.077733
-0.614226
0.464137
0.392770
0.696721
0.649670
-0.393304
-0.033817
0.917220
-0.855355
0.193485
0.392502
0.664435
-0.231202
-0.732933
0.574818
-0.975092
-0.734886
-0.255176
0.353789
-0.671906
0.387823
0.121696
-0.468311
0.445205
-0.707275
0.094778
-0.576961
0.769686
-0.363558
0.249224
0.564774
-0.934423
0.653457
-0.351160
0.311909
-0.152710
-0.135917
-0.017583
0.130246
0.737806
-0.110280
-0.467351
0.401191
0.464735
0.520832
-0.110804
0.377071
0.081460
-0.108199
1.174910
0.000034
-0.032586
0.686572
-0.127122
0.201070
0.605982
-0.501554
-0.215351
-0.339882
-0.219347
-0.481138
-0.400603
0.301654
-0.108256
0.195154
0.331015
0.048301
-0.124497
-0.304701
-0.137462
0.265803
0.387772
0.688105
0.446748
0.279454
0.026152
-0.025938
1.335990
-0.073143
-0.151034
-0.048113
-0.479529
0.139653
0.548088
-0.091926
0.134322
0.367843
0.478940
-0.441387
-0.020897
0.236211
0.389770
0.477947
-0.568791
0.089817
0.318024
0.096989
-0.217160
-0.704173
-0.265153
-0.255500
0.065605
-0.500144
-0.656876
0.125200
0.146018
-0.793573
-0.303993
0.366871
0.116425
-0.319589
0.658024
0.953286
0.590031
-0.407155
-0.104357
-0.327603
-0.384290
0.252725
-0.053721
-0.127433
-0.103725
-0.508870
0.102793
-0.511298
-0.145429
0.116205
0.567585
-0.425643
0.021140
-0.156550
-1.176460
0.342135
-0.590418
-0.005222
-0.710461
0.671766
-0.014550
-0.824240
0.559609
0.146717
-0.071605
-0.429429
-0.177763
0.584687
-0.423332
0.394777
0.006056
-0.627801
-0.454807
0.147600
-0.015568
0.912517
-0.405960
-0.533023
0.554925
0.307100
-0.008619
-0.218691
0.036133
-0.464702
0.033780
-0.459697
-0.039988
