-0.531806
0.022455
0.303406
-1.071330
0.497301
-0.238477
0.187490
0.363540
-0.146766
-0.413719
-0.205195
-0.040500
-0.233124
-0.516832
-0.485042
0.031540
-1.006650
-0.377892
0.314303
-0.072393
0.278045
0.531768
-0.268029
-0.746910
-0.012141
-0.095635
0.468878
0.502605
-0.982622
-0.397055
0.204746
0.309238
0.514029
0.095294
0.201116
0.723275
-0.592507
-0.310405
0.565452
-0.324708
-0.017453
-0.290394
0.080697
-0.119995
-0.596188
-0.499159
0.515962
-0.069478
0.503321
-0.018224
-0.089211
0.222359
-0.515472
0.792121
0.147245
1.109890
-0.012506
0.206250
0.264779
-0.642567
0.220064
0.057622
0.735088
-0.328230
0.009061
0.360932
0.108497
0.714720
-0.188090
-0.512672
0.862763
0.041783
0.194251
-0.488768
0.755271
0.243842
-0.433379
0.170188
-0.178090
-0.116000
0.460988
0.232426
0.521957
0.270272
-0.483631
0.149527
-0.871740
0.326202
-0.669089
-0.817389
0.213180
-0.709274
-0.332883
0.237004
0.499956
-0.107695
0.243647
-0.168930
0.754620
0.975927
-0.234062
0.143704
0.585743
0.029917
-0.784066
-0.137655
0.407461
-0.262571
0.159365
0.389711
0.249091
-0.379757
0.165981
0.093474
-0.596867
0.499972
-0.390997
0.103454
0.457168
0.560321
0.175062
-0.444429
0.081484
0.048523
0.387702
0.666432
-0.917339
-0.212052
-0.698870
-0.084311
-0.131556
0.082559
0.603858
0.416991
-0.144336
0.135397
0.448383
0.205644
0.250218
0.020176
1.069670
0.770777
-0.554248
0.002019
0.053406
-0.295517
-0.115043
-0.518042
-0.307490
0.069823
-0.095936
-0.508848
-0.207867
0.170277
-0.043513
0.894113
-0.268529
-0.426428
-0.374470
-0.670407
0.844293
-0.556488
-0.043071
-0.865328
0.212140
0.195619
-0.708954
0.170791
0.289329
-0.482130
-0.804568
-0.441740
0.255089
0.050814
0.230619
0.391239
-0.679417
-0.664525
0.746019
-0.488835
0.617073
-0.103126
-0.440765
-0.009819
0.310159
0.769114
-0.374582
0.386313
0.269183
-0.027685
-0.224427
-0.385652
