-0.157675
0.199427
0.207222
-0.099252
-0.481804
-0.183998
-0.831225
0.422939
0.682242
-0.411202
0.287728
-0.590860
0.407229
0.777846
-0.491657
-0.727897
-0.474594
0.209577
-0.245435
-1.047380
0.290857
0.048880
0.247996
0.137839
0.099617
-0.207244
-0.619675
-0.024620
-0.405218
0.916164
0.056964
0.146294
0.629814
-0.381987
1.029290
0.373548
-0.355355
-0.034593
-0.191996
-0.099175
-0.337986
-0.580200
0.152741
-0.392765
-0.147750
-0.111427
0.181724
-0.084532
0.262100
-0.145638
0.283447
0.438219
-0.130929
-0.065746
-0.142727
0.626248
0.154893
-0.372200
0.250266
-0.083475
0.764345
-0.333649
0.216571
0.247024
0.307954
1.116250
0.096007
0.570448
-0.889166
-0.574698
-0.083053
0.202608
-0.177468
0.127356
-0.215690
0.522600
-0.323234
-0.323267
0.226184
-0.110139
-0.426980
0.777002
-0.281074
0.046896
-0.341784
0.025616
0.388069
-0.055772
-0.600624
-0.472648
0.377463
0.074429
0.390568
-0.427772
0.718693
0.143180
0.331547
-0.054816
0.289667
0.782016
-0.300150
-0.010205
-0.553276
-0.089588
-0.498691
0.451903
0.070611
-0.071482
0.025332
-0.667591
0.434883
0.355507
-0.342977
0.217598
0.387071
0.429234
-0.221113
-0.559645
-0.244784
0.252198
0.325472
-0.237927
0.464255
-0.077069
0.004254
0.233781
-0.345357
-0.052308
0.142794
0.371091
-0.286906
-1.353720
-0.105085
-0.458392
-0.072711
0.551062
0.297927
0.126830
-0.352284
-0.063849
0.712731
0.535182
0.271371
0.234567
-0.153389
0.020689
0.110992
-0.302522
0.477440
-0.145795
0.780725
-0.232193
-0.029753
0.405625
-0.745738
0.184315
-0.582573
-0.229529
0.345891
0.165153
-0.281863
-0.412252
0.185405
-0.137249
-0.216415
-0.123691
-0.416822
0.171124
0.025349
0.392823
-0.682086
-0.043213
0.817255
-0.220182
-0.653058
0.133816
-0.530197
-0.377513
0.337568
-0.383449
0.748414
-0.207969
0.180556
0.464911
0.378967
0.192547
-0.825273
0.592584
-0.287725
-0.776518
0.221788
-0.181059
