0.568644
0.359369
-0.028400
0.743053
0.060116
0.386555
-0.194821
-0.594486
-0.173783
0.742208
-0.434164
-0.348923
0.659054
-0.328530
0.248195
-0.251711
-0.006967
-0.096072
0.374341
0.183333
-0.574258
-0.281054
0.842478
-0.348382
-0.326252
-0.190671
-0.190786
0.047275
0.902670
-0.317849
0.501800
-0.605929
-0.450029
0.689947
-0.689549
-0.629891
0.305186
-0.145233
-0.533438
-0.448310
-0.199143
0.528583
-0.037506
0.599709
0.513177
0.649086
-0.038027
0.481759
-0.413204
0.350822
0.009845
-0.597365
-0.017420
-0.446717
-0.188458
-0.621052
0.246839
-0.480437
-0.784553
0.441443
-0.104052
0.444600
-0.872335
-0.421380
0.618100
-0.298983
-0.450854
-0.569183
0.941508
0.298219
-0.294379
-0.061455
-0.323295
0.021378
0.025622
-0.467028
-0.178518
-0.259754
0.517985
-0.256523
-0.603188
-0.421695
-0.890370
-0.395106
0.230620
0.211323
-0.338520
-0.311030
0.923063
0.984998
0.089437
0.469453
-0.651401
0.260631
-0.598571
0.207896
-0.071986
0.242152
-0.334900
-0.880817
-0.087013
-0.103785
0.262243
0.158423
-0.201066
-0.659562
0.518183
0.597065
-0.520528
-0.654907
-0.109380
0.034477
-0.013296
-0.074706
0.551307
-0.490087
0.208346
0.076577
0.167960
-0.363586
-0.745548
0.125291
0.390155
-0.226446
0.311949
0.380075
0.319900
0.170179
0.746002
-0.448155
0.614182
0.865358
-0.475018
-0.213489
0.463244
-0.290263
0.236763
0.032351
0.464096
-0.628481
-1.227860
-0.523161
0.717265
-0.673978
-0.232938
-0.012794
-0.204359
0.771973
-0.447526
-0.015818
0.339133
-0.367264
0.358403
0.583173
0.667412
-0.758539
1.063380
-0.255079
0.018006
0.086139
-0.863875
0.019374
-0.018903
0.466442
-0.104087
0.128385
1.316640
-0.506227
-0.108739
-0.042710
1.159880
0.067226
-0.480557
0.549217
-0.047099
-0.217842
0.230558
-0.084433
0.537059
0.884583
-0.483705
0.103013
0.189767
-0.349437
-0.366144
-0.292084
0.038369
0.401128
-0.135796
0.421329
-0.156116
0.616630
