0.300929
0.035896
-0.240683
-0.178181
-0.084458
0.718396
-0.231466
0.241752
0.432472
0.294033
-0.245562
-0.538731
0.356529
-0.026608
-0.239898
0.316108
-0.896640
0.167326
-0.057244
-1.052580
-0.266590
-0.009192
0.492777
-0.125539
0.073295
0.254862
-0.082313
-0.411132
0.033934
0.090128
-0.757205
-0.549200
-0.360124
0.291978
0.283437
-0.284165
0.407659
0.923013
0.231172
-0.301518
-0.143856
-0.005350
-0.210569
0.710981
0.202405
-0.101553
-0.125936
-0.069326
0.055856
-0.842986
0.258343
-0.056315
0.539306
0.188712
-0.312333
-0.337115
0.309417
0.212643
0.359413
0.374402
-0.163922
-0.118748
0.064163
0.485114
0.128495
0.349629
-0.183329
-0.171409
0.147130
0.004339
-0.032660
-0.338106
-0.514097
-0.000194
-0.011512
-0.259250
0.212901
-0.745757
0.599374
-0.007745
0.080524
1.087070
-0.283944
0.230900
-0.627173
0.313783
-0.471982
-0.139559
0.338357
-0.491429
-0.381322
-0.052134
-0.131643
-0.103988
-0.115950
0.024656
0.184500
-0.619715
0.026861
0.027660
-0.111220
-0.225107
0.026619
-0.026744
0.428922
0.033000
-0.082722
-0.241660
-0.322077
0.110017
0.218212
-0.553918
-0.107412
0.619268
-0.164077
0.540387
0.327168
0.105536
-0.449692
0.157917
-0.261824
-0.060946
0.230260
-0.545920
0.100994
0.104183
0.279379
0.190322
-0.232056
0.781974
-0.751093
0.123898
0.193442
-0.021314
-0.101072
0.968205
-0.343817
0.290745
0.494222
-0.056571
-0.359693
-0.109551
0.443087
-0.181876
0.274509
-0.155400
0.129025
0.107877
0.206125
-0.222379
0.047562
0.008986
0.100191
0.448077
-0.448684
-0.640102
-0.335100
0.772338
-0.104258
0.095626
-0.376343
-0.382053
-0.308596
0.456804
0.310907
0.587821
-0.270038
-0.062808
0.486919
-0.151558
-0.631357
-0.094933
0.675273
-0.122681
-0.219460
0.211875
0.493017
-0.345043
-0.360606
0.202448
-0.192936
-0.387701
0.293951
-0.194759
0.380971
0.003329
-0.805093
0.374577
0.190028
-0.175222
0.528637
-0.209860
