-0.285146
-0.182176
0.036265
-0.406976
0.470474
-0.086781
0.609306
-0.222624
-0.426133
0.161368
-0.056568
0.780015
-0.657147
-0.559331
0.397580
0.632062
0.296372
-0.265651
0.370522
1.085420
0.172822
0.209399
-0.730587
-0.139614
0.029214
0.175719
0.457576
0.091862
-0.111942
-0.772819
0.329087
0.375983
-0.431775
0.261012
-0.992477
0.457531
0.023399
0.015592
0.113842
0.136474
0.317465
0.322689
-0.112596
0.038220
-0.442699
-0.034447
0.263386
-0.252295
-0.054828
0.226876
-0.120903
-0.266003
-0.121653
0.340770
-0.199366
0.118941
-0.219692
0.221264
0.324158
-0.261422
-0.615647
0.313234
0.111500
-0.208427
-0.290057
-0.899254
-0.042095
-0.170179
0.681022
0.294523
0.302009
0.424747
0.303116
0.072101
0.417403
-0.379843
0.457477
0.555665
-0.417207
-0.180466
0.724138
-0.463326
0.408618
0.215261
0.367522
-0.252271
-0.483379
0.095733
0.358207
0.098338
-0.437441
-0.434265
-0.176557
0.454674
-0.390834
0.010290
-0.261375
-0.014116
-0.073667
0.046008
0.092001
0.059544
0.620373
-0.048213
0.096414
-0.167641
0.062095
-0.085404
0.185893
0.523039
-0.300509
-0.294655
0.469146
-0.237677
-0.455563
-0.253640
0.098270
0.539248
0.470923
-0.097762
-0.403681
0.070624
-0.374135
0.347872
0.116013
-0.371562
0.151747
-0.002254
-0.228471
-0.190055
0.288779
0.834338
0.020174
0.435239
-0.150877
-0.585148
-0.421095
-0.193957
0.242041
-0.019507
-0.356575
-0.258472
-0.556640
-0.084195
0.271321
-0.139863
-0.274503
0.028960
-0.531420
0.028786
-0.793457
0.273301
-0.184648
-0.383498
0.458065
0.067962
0.595824
-0.137629
-0.432413
-0.453650
0.527012
0.088899
-0.238850
-0.497105
0.213757
0.067342
0.127396
-0.055346
-0.271419
-0.540982
0.234400
-0.188766
-0.617270
0.231201
0.593082
-0.233450
0.166684
0.133942
-0.317639
0.112476
-0.271861
0.450457
-0.404739
-0.369260
0.020946
0.268392
0.728803
-0.667351
0.246118
1.004680
-0.311682
-0.179283
