-0.501367
0.085197
0.122682
-0.057503
0.088198
-0.428993
0.319471
-0.031625
-0.189758
-0.130882
-0.047975
0.207350
0.073669
-0.098249
0.035912
0.463431
0.313316
0.081548
0.056963
-0.417924
0.001763
0.137705
-0.380443
0.117648
0.191076
-0.021049
-0.480047
0.267394
-0.316190
-0.180898
-0.428583
0.122978
0.201350
-0.481033
0.614719
-0.081294
0.293427
-0.521995
0.006870
-0.575677
0.454364
-0.109097
-0.469969
0.034097
-0.210800
-0.123528
-0.465572
0.252516
0.068449
-0.227747
0.323879
0.328972
0.043797
0.092591
0.625121
0.117200
-0.216710
0.045846
0.024567
-0.269458
-0.128442
-0.137544
0.421099
-0.087026
-0.301176
-0.098404
0.429861
-0.215250
-0.980466
0.048725
-0.160115
-0.069243
0.178752
-0.254460
-0.230635
0.409472
-0.116744
-0.356122
-0.151882
0.227180
-0.222308
-0.113692
0.284624
-0.103970
0.036489
-0.120030
0.761059
0.434472
-0.483172
-0.670409
0.038495
-0.021769
0.114940
-0.287368
0.573263
0.042335
0.100589
-0.062438
-0.056548
-0.070384
-0.199738
-0.238142
-0.610702
-0.178100
0.230662
-0.121671
-0.022339
-0.409450
0.088819
0.714430
0.332083
-0.176850
0.060279
0.186764
-0.356724
0.319298
0.379629
-0.112198
-0.242225
0.242235
0.382938
0.041776
-0.222629
-0.047907
-0.041224
-0.048754
0.059056
0.148164
0.007855
-0.083226
0.290990
-0.027356
0.285600
0.278844
0.130075
0.157719
-0.092918
-0.276249
-0.432794
0.230090
0.564794
0.446799
-0.294484
0.516561
0.202565
0.172655
0.096271
-0.154040
0.178307
-0.040845
-0.076147
0.170927
0.043311
-0.379413
0.059353
0.206534
-0.726244
0.052171
-0.101959
0.591447
0.470965
0.300804
0.236559
0.136713
-0.345082
0.035919
-0.437586
0.220894
0.154752
0.051797
0.033158
0.139654
-0.073040
0.032974
-0.284134
0.179685
0.114350
0.174281
-0.192936
-0.084263
-0.236334
-0.170195
0.339293
0.313758
0.168974
-0.016478
0.015670
-0.380726
0.306265
-0.428193
0.018058
-0.301685
