-0.231234
-0.525575
0.115074
-0.516759
-0.501205
-0.767196
-0.570317
0.805537
0.636463
0.042313
0.592987
-0.345730
-0.634349
0.509604
-0.387729
-0.554353
0.225546
-0.015101
-0.353572
-0.101473
0.422433
0.141032
0.532474
0.035958
0.306037
-0.293877
0.220440
0.014269
-0.498378
0.794023
0.184383
0.522972
0.735655
-0.417845
0.314276
0.616457
-0.746494
0.247455
0.311967
0.586451
-0.377517
-0.859743
0.643033
-0.995105
-0.424647
-0.226603
0.148025
-0.634609
0.349077
0.004607
-0.482600
0.428549
-0.598945
-0.218339
-0.485314
0.530185
-0.326401
0.233779
0.435708
-0.796711
0.915503
-0.541690
0.188547
-0.119737
-0.103048
0.241677
0.095264
0.695111
-0.324855
-0.574842
0.263029
0.316663
0.403944
-0.139682
0.132869
0.171399
-0.242005
0.999514
0.261603
-0.036767
0.364432
-0.009855
-0.040325
0.548890
-0.649814
-0.091425
-0.177691
-0.254044
-0.548779
-0.339372
0.498075
0.154154
0.137260
0.170218
0.049046
-0.092406
-0.229407
-0.185014
0.206641
0.089909
0.635486
0.479321
-0.008780
0.105053
0.110735
1.495820
-0.059701
-0.096434
-0.258466
-0.670730
0.225608
0.525991
-0.235937
0.332902
0.673452
0.675767
-0.422352
-0.174025
-0.085747
0.440335
0.621367
-0.561078
0.260328
0.122582
0.022109
-0.099684
-0.687763
-0.272360
-0.054746
0.213659
-0.577580
-0.885611
0.115222
-0.051492
-0.730769
-0.019665
0.471707
0.194416
-0.356234
0.610989
0.974029
0.563852
-0.071562
-0.158590
-0.471396
-0.243068
0.348102
0.016692
0.074578
-0.195233
-0.340956
0.102277
-0.405998
-0.001738
0.061269
0.402026
-0.582512
0.224511
-0.053190
-1.007330
-0.052598
-0.622608
0.029851
-0.292184
0.634076
-0.049065
-0.710355
0.615491
0.307340
0.162843
-0.334895
-0.014690
0.829028
-0.460993
0.123577
0.016592
-0.536935
-0.498937
0.221144
0.139600
0.897499
-0.707756
-0.294602
0.749421
0.214295
-0.171387
-0.530080
0.276195
-0.575311
-0.414985
-0.321599
0.110532
