-0.006341
-0.074178
0.041111
-0.098777
0.544973
0.031995
0.716986
-0.600506
-0.259285
0.218705
-0.508154
0.414733
-0.295717
-0.558200
0.569165
0.075733
0.153958
-0.347032
0.488473
0.448811
-0.307257
0.150193
-0.626319
-0.098379
-0.116047
-0.268854
0.013357
0.131692
0.464784
-0.424432
0.374519
-0.623948
-0.383076
1.053810
-0.873117
-0.001440
0.097364
-0.012608
-0.576198
0.300282
0.097850
0.750981
0.282041
0.061817
0.232649
0.467037
0.204278
-0.184951
-0.645256
0.166965
0.038056
-0.553069
0.395458
-0.709042
-0.048893
-0.420276
-0.432532
0.244598
0.379599
0.197927
-0.626950
0.216612
-0.169402
-0.214938
-0.245999
-0.673356
0.354988
-0.291574
0.501468
0.258911
-0.071283
0.278984
0.278030
0.269602
-0.052556
-0.523147
0.441180
-0.200728
-0.394915
-0.366586
0.142551
-0.664443
0.505957
-0.342609
0.210052
-0.306990
-0.338968
0.049552
0.084105
0.027333
-0.273838
0.187589
-0.389372
-0.207940
-0.380947
0.291371
0.107090
0.333494
-0.384022
-0.168389
0.758721
0.040531
0.615089
-0.409663
-0.011636
-0.284032
-0.094708
0.033031
-0.448237
0.311384
-0.672854
-0.221888
0.022289
-0.543933
-0.429744
-0.519625
0.378578
0.145548
0.524984
0.001672
-0.354184
0.304227
-0.063988
0.166296
-0.077225
0.425416
-0.235820
0.472599
0.168767
-0.315769
0.447821
0.837896
-0.354214
0.337338
0.498777
-1.132480
-0.415047
0.162409
-0.001094
-0.057217
-0.153805
-0.279622
0.011891
-0.180604
0.304099
-0.152143
-0.301878
0.276156
-0.470835
-0.169195
-0.101650
0.149539
0.084584
0.030165
0.287762
-0.215517
0.630948
-0.093047
0.529630
0.271189
-0.109499
0.400408
0.263416
-0.112834
0.129997
-0.254154
0.309180
-0.042301
-0.243330
-0.062525
0.423764
-0.436346
-0.472405
0.247912
0.200843
0.189003
0.243255
0.321523
0.160375
0.250657
-0.595067
0.464937
0.048432
0.163673
0.156553
-0.111691
0.693661
-0.310091
-0.064039
0.583629
-0.279235
0.368681
