-0.320800
-0.309838
0.224114
-0.206149
0.180282
-0.205820
-0.512901
0.531231
0.166752
-0.619383
-0.074033
-0.129128
0.054778
-0.070812
-0.496178
-0.431286
-0.769338
-0.443149
0.490771
0.595247
0.587860
0.163809
0.127404
-0.175948
-0.204616
-0.134356
0.066559
0.106438
-0.464811
0.402372
0.787033
0.313706
0.441789
0.162116
-0.017329
0.791819
-1.029570
-0.082824
0.189236
0.368686
-0.846276
-0.781725
1.052590
-0.777442
-0.317535
-0.659829
0.731242
-0.619928
0.433969
0.631356
-0.153220
-0.042859
-0.540619
0.118866
-0.189588
0.564211
-0.134562
0.265105
0.160667
-0.360790
0.678603
-0.480242
0.157564
0.076036
0.110611
0.678201
-0.318869
0.855196
-0.023054
-0.639072
0.709970
-0.136832
0.216277
-0.001124
0.306125
0.172851
-0.095249
0.492575
-0.058527
-0.781556
0.130276
0.372746
0.098894
0.467629
-0.259599
0.287255
-1.004910
0.044186
-0.323442
-0.120475
0.170569
-0.382497
-0.249276
0.240211
0.410402
-0.255166
0.002704
0.205055
0.968076
1.165010
-0.498069
0.240539
0.408372
0.260779
-0.515990
0.391614
0.395750
0.339982
0.533491
-0.723889
0.107774
0.198439
0.430832
0.079988
0.114275
-0.053988
-0.766999
-0.041717
0.317598
0.222688
-0.079324
-0.062250
0.289627
0.238259
0.332489
0.271262
-0.738342
-0.576000
-0.024412
0.072359
-0.464419
-0.735817
0.043044
-0.157089
-0.266693
-0.061108
0.489104
0.311095
0.205025
-0.145006
0.665273
0.219463
-0.382884
0.173264
-0.262691
0.096541
0.158199
-0.728857
0.435085
0.196526
-0.166620
-0.321551
-0.091591
-0.018110
-0.580014
0.698368
0.148472
-0.565653
0.039602
-0.743757
0.337593
-0.725358
-0.226157
-0.959910
0.270720
-0.516678
-0.168007
0.054528
-0.208898
-0.023306
-0.454923
-0.304172
0.490327
0.025979
0.168415
-0.113072
-0.607016
-0.466534
0.609716
-0.473560
0.645933
0.321886
-0.486867
0.040571
0.086847
0.832937
-0.371038
0.626568
-0.215403
-0.025162
0.203050
-0.195835
