0.620453
0.283111
-0.217868
0.059422
-0.471789
0.472496
0.077899
-0.269167
-0.259433
-0.108564
0.516546
0.143877
-0.367450
0.232790
-0.306077
0.071645
0.024294
0.413600
-0.731641
-0.260594
-0.286534
0.027860
-0.284881
0.141313
0.261721
0.322444
0.380034
-0.246806
-0.140264
-0.044191
-0.567109
0.698095
-0.405308
-0.780413
0.450214
-0.203639
0.393688
0.285921
0.131553
-0.187460
-0.205265
0.017088
-0.483353
0.431630
-0.434294
0.147705
-0.238005
-0.101597
0.675572
-0.562190
0.127304
-0.035868
0.097265
0.452449
0.015894
0.021027
0.386018
-0.306117
-0.422939
0.155269
0.127344
0.116685
-0.187156
0.536831
0.135872
-0.024024
0.081665
-0.412363
-0.168517
0.337190
-0.419366
-0.351796
-0.090211
0.147685
-0.451746
0.066663
0.274890
0.017864
-0.006060
0.538813
0.246460
0.324146
-0.202598
-0.189500
0.291970
0.215924
0.288627
-0.087396
0.505573
0.044755
-0.344088
-0.501514
0.692815
0.222766
-0.254443
-0.136738
-0.385005
0.029729
0.063525
0.069418
-0.100129
0.231571
0.141330
0.214537
0.374424
-0.335414
-0.042598
-0.324644
0.156816
0.005643
0.187809
-0.248577
-0.047429
0.066585
-0.304842
0.258353
0.231878
0.500706
-0.434745
-0.633047
-0.276891
-0.272623
-0.148437
-0.158191
0.002980
-0.337834
1.030880
-0.220275
-0.325110
0.564131
-0.323622
-0.014243
0.043344
-0.566942
-0.275485
0.230872
-0.085374
-0.214119
-0.042046
0.269242
-0.201898
-0.499947
-0.148134
0.405489
0.528744
0.331667
0.222407
-0.185823
-0.258403
0.324042
-0.242389
0.155842
0.117679
-0.302710
0.347474
0.058315
-0.246728
0.569240
-0.442423
-0.515178
0.631563
0.374009
-0.412107
0.237348
0.233681
0.457822
-0.211076
-0.131330
-0.090296
-0.113301
-0.141031
0.399151
-0.259529
-0.061971
0.036048
-0.485517
0.162399
-0.399082
-0.110044
-0.083868
0.499303
-0.225048
-0.124979
-0.543994
0.115261
0.209915
0.080884
-0.125159
0.004928
0.451868
0.207669
-0.151341
