-0.227684
-0.309298
0.051689
0.224318
-0.010340
-0.441973
-0.164932
0.680305
0.123058
-0.310213
0.121192
-0.251767
0.071373
-0.101158
0.124110
0.055087
-0.260208
-0.058123
0.100923
-0.756417
0.494834
-0.451497
-0.051820
0.205128
0.193955
-0.214775
-0.168426
-0.373802
-0.106849
0.336602
-0.011388
0.108020
0.321817
-0.404744
0.816607
0.479433
-0.558293
-0.046009
0.402124
0.007680
0.019675
-0.979318
0.343902
-0.633295
-0.517637
-0.115107
-0.370744
-0.445519
-0.072934
0.377592
0.808856
0.737848
-0.320544
-0.584877
0.856797
0.031057
-0.687342
0.435691
-0.082339
-0.656868
0.621977
-0.460739
0.128601
0.409352
-0.503080
0.167030
0.174659
0.519827
-0.846373
-0.187720
0.043541
-0.160324
0.107753
-0.008058
0.308687
0.382805
-0.163215
-0.308482
0.018683
0.136023
-0.245549
-0.061791
0.262316
0.485643
-0.345331
-0.218031
0.894544
-0.339827
-0.205966
-0.683268
0.007723
-0.161653
0.237942
0.019979
0.814507
-0.014350
0.348660
0.173803
0.790216
0.484732
-0.012533
-0.339635
-0.945424
-0.140961
0.014595
0.603750
0.007138
-0.417181
-0.146190
-0.063449
-0.205627
0.378165
-0.388496
0.160137
-0.181422
-0.570798
-0.297235
-0.560399
0.169196
-0.093292
0.579400
0.490513
-0.383285
-0.640899
0.067459
0.413666
0.295226
0.103352
-0.010910
0.537606
-0.900593
-0.770718
0.044189
0.413341
-0.159284
0.071174
0.271594
0.085811
-0.170955
-0.199579
1.274640
0.542642
0.212382
0.801407
-0.023426
-0.276474
0.048475
-0.421469
0.385033
0.052344
0.024664
0.102331
0.492031
-0.255000
-0.149326
0.579115
-0.968880
-0.031924
0.352907
0.102725
0.572820
-0.113678
-0.090208
-0.248728
0.228509
-0.205500
-0.268927
0.630744
0.048032
-0.083332
-0.459369
-0.123619
0.651672
-0.360974
0.366920
0.043914
0.048901
0.249041
-0.791369
-0.855286
0.133688
0.315610
-0.072439
0.221596
0.681476
0.093499
-0.568688
0.473555
-0.005043
-0.875374
0.045174
-0.042942
