-0.082785
-0.173232
-0.456837
-0.723853
0.006913
-0.489293
0.040206
0.531445
-0.417887
-0.414055
0.155363
-0.010945
-0.651086
-0.312246
-0.454705
0.652720
-0.418816
-0.481390
-0.036799
-0.141896
0.165452
0.013596
-0.080694
-0.154851
-0.058018
0.397807
0.672459
0.266250
-0.782910
-0.441869
-0.651066
0.882898
0.549845
-0.657530
0.521114
0.572085
-0.967434
-0.011274
1.298100
0.031661
-0.435387
-0.505791
0.375796
-0.019821
-0.609909
-0.322945
0.231835
-0.528620
0.624366
-0.187320
-0.314989
0.236206
-0.554079
0.884699
0.580402
0.507224
-0.409286
0.693313
-0.671511
-0.786321
0.734140
-0.585342
0.249926
0.325105
-0.615520
0.324708
0.141787
0.848424
-0.432567
-0.146620
0.256238
-0.823621
0.089820
-0.235765
0.443575
0.351109
-0.468747
0.541888
-0.316081
0.295978
0.458894
0.079702
0.489434
0.158603
-0.196371
0.199541
-0.595807
0.136773
-0.462264
-0.580586
0.444967
-0.876919
0.356041
0.331330
0.050057
-0.759713
-0.170731
0.168371
0.837903
0.590235
0.030608
0.253931
0.391404
0.389379
-0.352678
0.129919
0.022578
-0.104710
0.867366
-0.019276
0.201309
0.384718
-0.106285
0.529398
-0.104684
0.348358
-0.599843
0.056711
0.116393
0.469258
-0.036736
-0.271939
-0.139613
0.106363
0.398695
-0.064507
-0.370981
-0.366212
-0.559883
-0.128949
-0.760717
-0.062232
0.453382
0.158634
-0.497263
0.227104
0.763538
0.410691
-0.048004
0.420496
1.194370
0.280576
-0.177580
0.355943
-0.090223
0.107332
0.431791
-0.793749
-0.117335
0.583603
-0.409340
-0.370590
0.055658
-0.370238
0.037741
1.137960
-0.698981
0.156998
-0.393621
-1.014610
0.974529
-0.236023
-0.566540
-0.396456
0.856568
0.025467
-0.590704
0.530678
-0.093972
-0.240425
-0.422270
-0.019237
0.495570
-0.172055
0.748413
0.130908
-0.515164
-0.589973
0.018399
-0.849436
0.725512
-0.133998
-0.560383
-0.541903
-0.146051
0.319028
0.209511
0.563698
0.144600
-0.072440
0.054813
-0.204303
