-0.170747
0.327592
-0.190264
-0.566323
-0.496079
-0.571275
-0.345351
-0.282753
0.888934
-0.251032
0.640669
-0.337354
-0.353685
0.762903
-0.402020
-0.348187
-0.151487
0.312284
-0.772185
-1.032550
0.364877
0.319293
-0.169740
-0.264407
0.091277
0.089582
-0.096397
-0.054907
-0.387745
0.321055
0.295520
0.363210
0.250396
-0.588219
0.133651
0.432973
-0.192625
0.474531
-0.458827
0.532349
-0.345232
-0.470425
0.074380
-0.214464
-0.872082
0.224917
0.308971
-0.377867
0.705110
-0.859369
-0.097641
0.708752
-0.246875
0.498701
-1.032650
0.757216
0.262382
-0.557083
0.475531
-0.462328
0.323819
-0.002585
-0.016238
0.540387
0.523292
0.374252
0.348148
0.129678
-0.332536
0.067339
-0.359426
0.131575
0.213725
0.042145
-0.314732
0.167562
-0.100271
0.116374
0.217643
0.060635
0.143731
0.880567
-0.461454
0.076303
-0.198936
-0.357776
-0.084168
-0.081482
-0.365867
-0.759239
-0.053907
-0.343468
0.801543
0.044872
0.088572
0.006323
-0.290124
0.139547
0.166245
0.938750
0.634592
0.151364
0.073576
-0.218069
-0.132616
0.518906
-0.275804
0.042856
0.252744
-0.617693
0.776858
0.755856
-0.157260
0.045647
0.044799
0.431894
0.289304
-0.198377
0.413994
0.089255
-0.284716
-0.497308
0.581681
0.303289
0.279357
-0.284363
-0.261060
0.180839
-0.162078
0.053468
-0.536520
-0.724548
-0.390506
-0.193200
-0.307028
-0.074588
0.209641
0.164856
-0.478143
0.860997
0.363985
0.371501
-0.154662
0.419848
0.097435
-0.197825
0.561328
-0.034174
0.236318
0.208903
0.223675
-0.067399
-0.387602
0.045192
-0.527665
0.228363
-0.773828
0.064390
0.387766
-0.491639
0.385311
-0.252040
0.099345
-0.625085
0.466971
0.221580
-0.970864
0.195874
-0.261244
0.123332
-0.740238
-0.347736
0.652782
-0.295776
-0.269294
0.245481
-0.427786
-0.664877
0.230273
-0.024738
0.706059
-0.042764
-0.041065
0.018403
0.794192
0.085129
-0.443910
0.235242
-0.218850
0.351290
-0.037099
-0.101407
