-0.789402
-0.020833
0.377951
-1.117630
0.443799
-0.743533
-0.087095
0.574783
0.626207
0.001552
0.078318
-0.058539
-0.466058
-0.649067
-0.410405
0.355845
-0.427072
-0.465414
0.535617
-0.377941
0.494835
0.326590
-0.127493
-0.083570
0.371529
-0.663604
-0.289775
-0.061745
-0.354813
0.310361
0.876158
0.242381
0.433865
0.116275
-0.224227
0.872345
-0.591190
0.310329
-0.314220
0.066050
0.292485
-0.744684
0.252029
-0.993223
-0.734452
-0.157038
0.047377
-0.440519
-0.094387
0.123377
0.532270
0.607672
-0.406183
-0.136192
0.068578
0.999103
-0.639854
0.187997
1.255050
-0.893961
0.198859
-0.171043
0.614540
-0.537844
-0.411643
-0.128873
0.126700
0.626169
-0.392046
-0.253843
0.361895
0.850887
0.257955
-0.113667
0.478009
0.258176
-0.013271
0.066897
0.300910
-0.498501
0.161280
0.055765
0.223122
0.527816
-0.474436
-0.360900
-0.139490
0.246686
-0.396501
-1.096300
-0.033616
-0.376458
-0.266173
0.255821
0.452391
0.592112
0.458519
-0.193683
0.360143
0.610986
0.120365
0.006308
-0.167920
-0.639220
-0.094705
0.880251
0.196448
-0.260943
-0.430712
0.361709
0.449046
-0.285102
0.285823
0.164798
-0.592628
0.496944
0.223125
-0.239932
0.410039
0.489018
0.452780
-0.053652
0.100019
-0.133770
0.283189
0.314103
-0.634204
0.135173
-0.134629
0.138586
-0.123484
-0.215978
0.031548
0.622389
-0.206421
-0.148868
-0.192238
-0.042688
-0.456434
0.223185
1.090540
1.275210
-0.565223
0.171716
0.008911
-0.356288
-0.000012
-0.092688
0.050859
-0.440743
-0.255502
0.119795
-0.290997
-0.219113
-0.283315
0.101250
-0.412067
-0.256015
0.063806
-0.305092
0.573119
-0.812343
0.117284
-0.872946
0.145213
0.144097
-0.871028
0.387750
0.187838
-0.310251
-0.447050
-0.501929
0.507348
-0.071059
0.094710
0.314018
-0.161854
-0.575808
0.145244
0.112830
0.211791
-0.067468
0.052384
0.563091
0.809573
0.457976
-0.603739
-0.083764
-0.005290
0.077424
-0.230783
-0.466689
