0.000516
0.744102
-0.100685
-0.029573
0.194753
-0.229824
0.297385
-0.567285
0.181679
0.180571
0.035719
0.086979
0.059739
0.016840
0.136384
0.489663
0.547545
0.214631
-0.243706
-0.882299
-0.316108
-0.239491
-0.281964
0.170550
-0.017233
-0.037127
-0.342106
0.014990
0.426095
-0.357588
-0.439307
-0.331618
-0.189260
-0.289580
-0.056399
-0.575538
0.506043
-0.020411
-0.485094
-0.029202
0.748306
0.395495
-0.650532
0.505199
0.031349
0.626588
-0.589398
0.397419
-0.214979
-0.416012
0.489860
0.373556
0.439782
-0.051093
0.098229
-0.293879
0.069242
-0.461120
-0.077775
0.052870
-0.509143
0.370760
-0.145979
-0.056321
-0.162941
-0.272458
0.365725
-0.628416
-0.304477
0.634457
-0.722326
-0.050937
0.031731
-0.085035
-0.380967
0.079897
-0.037420
-0.664804
0.052905
0.419196
-0.458312
-0.252404
-0.098790
-0.404937
0.230771
-0.444809
0.879174
0.265575
0.047068
-0.404678
-0.143785
0.148200
0.497882
-0.162567
-0.103467
0.521075
0.341501
0.203798
-0.389404
-0.355410
0.569803
-0.417331
-0.564679
-0.476744
0.185000
-0.312097
-0.320233
-0.276020
-0.375873
0.576391
0.209178
0.248083
-0.349735
-0.219702
-0.174550
-0.074051
0.760909
-0.311239
0.120158
0.011785
-0.041313
0.129388
-0.020643
-0.158176
-0.030650
0.001449
0.149003
0.605052
0.069231
-0.443420
0.295455
0.337345
-0.340461
0.256183
0.393746
0.061811
-0.267541
-0.257029
-0.307144
0.300242
0.004539
0.183462
0.170521
0.281435
0.453491
-0.113887
0.091416
0.540348
0.010407
-0.041587
0.235621
0.039936
0.136776
-0.360842
0.007993
-0.283842
-0.526160
0.055260
0.356864
0.869661
0.195843
0.463857
0.296765
0.192212
-0.134118
0.202491
-0.376423
0.031742
0.095523
0.123378
-0.046256
0.094809
-0.189864
-0.146834
-0.238070
0.317189
0.220112
0.220600
-0.426074
0.165473
-0.639648
-0.029256
0.458158
0.070194
0.267883
-0.564927
0.295445
-0.372036
0.195427
0.220874
-0.216797
0.033503
