0.020045
-0.435915
0.143652
0.163006
-0.407285
-0.049551
-0.628321
1.000150
0.566013
-0.258461
0.412346
-0.394630
0.129493
0.201846
-0.451891
-0.162052
-0.348431
0.351508
-0.351717
-0.605433
0.547611
-0.323038
0.861639
0.117393
0.115851
0.092097
0.103801
-0.529006
-0.286545
0.728908
-0.263561
0.332820
0.433146
-0.858944
0.925495
0.304542
-0.496795
0.406881
0.743451
-0.128176
-0.311957
-1.240220
0.307898
-0.364568
-0.454228
-0.597991
-0.464432
-0.331465
0.658727
0.091923
0.391799
0.806843
-0.431978
0.035767
0.187695
0.048245
-0.065703
0.259555
0.060149
-0.470020
0.775939
-0.509834
0.271311
0.391337
0.008078
0.489178
-0.291584
0.309566
-0.565754
-0.357077
0.330497
-0.442850
-0.066056
-0.307447
0.312424
0.177223
-0.111660
0.324508
0.586204
0.290629
0.042940
0.536008
-0.302875
0.974220
-0.760884
0.465416
0.375171
-0.232703
0.136035
-0.478168
-0.110097
-0.053836
0.200952
0.373204
0.534304
-0.288149
-0.056279
-0.404682
0.714078
0.220207
-0.284411
-0.171057
-0.511930
0.279268
0.569086
0.999056
0.142396
-0.417785
-0.042522
-0.504359
0.422608
0.188802
-0.184786
0.586018
0.134519
0.211548
-0.460520
-0.232684
-0.492119
-0.154460
0.627775
-0.061525
-0.222243
-0.605600
0.163365
-0.217330
0.335678
-0.608234
-0.229430
0.830359
-1.247440
-1.038220
0.507328
-0.043029
-0.823866
0.924981
0.359447
-0.003371
0.232003
0.179655
0.593943
0.483332
-0.134979
0.463325
-0.088884
-0.243666
0.527478
-0.225335
0.558663
0.004366
-0.500053
0.186437
0.073669
-0.247232
-0.107784
0.308841
-1.025170
0.414718
-0.393799
-0.607087
0.530219
-0.720190
-0.358236
-0.192917
0.361236
0.328436
-0.639130
0.379573
0.584835
-0.126877
-0.677707
0.148980
0.819160
-0.490188
0.251687
-0.201523
-0.128140
-0.210988
-0.575499
-0.272964
0.527160
-0.561627
-0.271603
0.188787
0.473284
0.043867
-1.145760
0.436661
-0.162887
-0.728742
0.293846
-0.417994
