-0.369052
-0.177331
0.112227
-0.532572
0.515018
-0.167879
-0.106807
0.149044
0.496680
-0.052379
-0.424309
-0.158998
0.005706
-0.629001
-0.028140
0.119479
-0.737245
-0.547703
0.555448
-0.048805
0.477725
0.049541
-0.015726
-0.307101
-0.193193
-0.326800
0.080989
-0.153165
0.076764
0.007445
1.005480
-0.443883
-0.032222
0.772304
-0.862285
0.603690
-0.729847
0.301204
-0.144944
0.459134
-0.104547
-0.355586
0.559936
-0.401976
-0.348888
-0.133633
0.428165
-0.282910
-0.341572
0.493510
0.292159
0.238205
-0.109216
-0.034300
-0.199464
0.388390
-0.372702
0.141293
0.651433
-0.338985
-0.095345
0.083281
0.185912
-0.129924
-0.129452
0.014421
-0.260956
0.607641
0.507181
-0.107956
0.459791
0.200036
-0.068998
0.107613
0.622157
-0.128960
0.021981
-0.135741
0.095078
-0.649618
0.058769
0.234885
0.140830
0.263321
-0.291338
-0.194005
-0.839720
-0.110187
0.092820
-0.448223
-0.271600
-0.332357
-0.426107
0.241713
0.081230
0.136763
0.409814
0.021077
0.649120
0.913747
0.033510
-0.206467
0.306657
-0.247807
-0.317133
0.249536
0.224275
0.239908
-0.025207
-0.127308
-0.040591
0.060179
0.356106
-0.100446
-0.531604
-0.443374
-0.138958
-0.347105
0.818836
0.200490
-0.138377
0.329601
0.121162
-0.067368
0.330046
0.419109
-0.603345
0.006426
-0.033153
-0.117966
-0.341460
0.007536
-0.149309
0.602879
0.057950
-0.164472
-0.058854
0.350822
0.272934
-0.233256
0.222995
0.477298
-0.247979
0.067056
-0.054336
-0.435579
-0.066104
-0.107390
0.197309
-0.059519
0.048997
-0.051049
-0.023676
-0.015459
-0.626664
0.163929
0.337391
-0.503925
0.405157
-0.143385
0.266314
-0.562513
-0.014682
-0.958656
0.183535
-0.089206
-0.246366
-0.003034
-0.169086
-0.274916
-0.537928
-0.703868
0.355836
0.041354
0.333300
0.391053
-0.138061
-0.083163
0.117649
-0.198508
-0.146249
0.757298
-0.302620
-0.068824
0.561946
0.621030
-0.282872
0.250940
0.132150
0.412162
0.163934
-0.243916
