0.816118
-0.244271
-0.372875
0.933447
-0.593153
0.694427
0.332561
-0.665566
-0.894827
0.450302
-0.205922
0.236923
0.017568
0.436534
0.471480
-0.035279
0.546119
0.228381
-0.088981
0.378630
-0.764793
-0.099051
-0.157579
0.377266
-0.030870
0.545286
-0.049984
0.076361
0.353083
-0.266017
-0.861205
-0.042014
-0.528618
0.096692
0.288292
-0.529342
0.763860
-0.325725
0.127193
-0.559419
-0.396333
0.974097
-0.311084
0.764342
0.558098
0.429466
-0.077385
0.037253
-0.270975
-0.193838
-0.280306
-0.947577
0.401066
-0.347461
0.337954
-1.045190
0.229379
0.221372
-0.989909
0.710462
-0.090891
-0.217864
-0.683101
0.473261
-0.045397
-0.222114
0.106386
-0.730032
0.011660
0.139237
-0.657060
-0.331966
-0.261356
0.495455
-0.677861
-0.318648
0.286654
-0.237510
-0.363652
0.331556
-0.106144
-0.359515
0.027499
-0.659764
0.564681
0.254457
0.331891
-0.275493
0.638218
1.059340
-0.047702
0.429432
0.131577
-0.397460
-0.505506
-0.500656
-0.513795
0.212116
-0.719005
-1.130030
-0.147120
0.259479
0.130605
0.433349
0.232452
-0.823184
0.004821
0.094722
0.161018
-0.221616
-0.588807
-0.207769
-0.377134
0.104477
0.689587
-0.033451
0.101059
0.762440
-0.709933
-0.335265
-0.555880
-0.102814
-0.122592
0.154606
-0.305074
-0.281000
0.925609
0.184654
0.460777
0.196260
0.526579
0.612113
-0.189456
-0.645624
0.206043
-0.409231
-0.020464
-0.080811
-0.103367
-0.306546
-0.902197
-1.365060
0.780104
-0.269771
0.173490
0.701411
-0.064382
-0.045116
-0.531273
0.236092
0.012184
0.172048
0.401602
0.401986
0.829666
-0.472551
0.576152
0.435220
-0.282801
0.119500
-0.648999
0.839933
-0.205365
1.360760
-0.114202
-0.128828
1.214030
-0.268440
-0.264662
0.300748
1.291680
0.603787
-0.623667
0.333161
-0.107671
-0.526599
0.514143
0.268154
-0.136227
0.248073
-0.122715
-0.120670
0.089848
-0.252595
-0.822352
-0.494435
0.828845
-0.164824
-0.217709
-0.019614
0.205008
0.462232
