-0.374781
-0.618146
0.188199
-0.358937
0.063229
-0.360796
-0.416028
0.645613
0.247228
-0.682832
0.006126
-0.112639
-0.249785
0.086852
-0.521345
-0.514538
-0.638828
-0.511238
0.440658
0.676362
0.662963
0.236563
-0.147872
-0.014560
-0.014556
-0.216038
0.080001
0.013810
-0.602919
0.607895
0.831629
0.269411
0.476280
0.246633
-0.154782
0.918928
-1.111850
0.015467
0.136273
0.881052
-0.887363
-0.901655
1.301290
-1.257460
-0.390955
-0.678552
0.731621
-0.972968
0.295459
0.606217
-0.371245
0.049132
-0.564069
-0.198329
-0.258018
0.528130
-0.386840
0.513975
0.489787
-0.454945
0.714266
-0.679035
0.218829
0.202161
-0.190756
0.544380
-0.155438
1.035510
-0.208501
-0.726676
0.690076
-0.000281
0.368198
0.113743
0.156732
0.211407
0.043911
0.600891
-0.217607
-0.793523
0.281652
0.302810
0.382618
0.474681
-0.306921
0.017186
-0.961042
0.022747
-0.562020
-0.257919
0.160984
-0.319289
-0.192225
0.127706
0.359422
-0.305894
0.041672
0.230360
0.975621
1.178000
-0.138807
0.447901
0.329196
0.226737
-0.413277
0.741766
0.155709
0.332265
0.496926
-0.609573
-0.044513
0.253721
0.361514
0.057350
0.118431
-0.019815
-0.801374
-0.149864
0.358914
0.415215
0.182959
-0.025071
0.250054
0.364735
0.116183
0.218778
-0.977835
-0.436392
-0.040478
0.143729
-0.500092
-0.941490
-0.046641
-0.067786
-0.285537
-0.309848
0.405355
0.415838
-0.055361
0.085023
1.034830
0.241011
-0.348275
0.277972
-0.343367
0.101405
0.226503
-0.872784
0.582518
0.163328
-0.246155
-0.080111
-0.148676
-0.128977
-0.687313
0.795661
0.010821
-0.442964
0.306574
-0.763014
0.341043
-0.610167
-0.137275
-0.949663
0.411790
-0.735670
-0.351431
0.327307
-0.253265
0.185642
-0.515216
-0.387414
0.675645
-0.110264
0.193350
0.018807
-0.573714
-0.342027
0.454779
-0.555119
0.729419
0.427303
-0.505552
0.292632
0.163275
0.776182
-0.245748
0.464121
-0.263614
-0.177089
0.173778
-0.095729
