-1.186730
0.213657
0.300563
-0.756455
0.364631
-0.977177
-0.154704
0.513503
0.605281
-0.424852
0.092735
0.026184
0.137204
-0.262954
-0.169615
0.347196
-0.095752
-0.017270
0.084750
-0.627737
0.775288
0.232513
-0.155981
-0.164162
0.079985
-0.326285
-0.444280
0.201373
-0.576971
0.072944
0.408749
0.257019
0.716517
-0.613802
0.421201
0.566507
-0.450294
-0.249353
-0.043452
-0.169707
0.652933
-0.822234
-0.264141
-0.523340
-0.656461
-0.455635
-0.184726
0.310086
0.267481
0.041701
0.468110
1.049910
-0.324893
0.601811
0.241994
1.115190
-0.355112
-0.141307
0.725839
-0.761477
0.031812
-0.003643
0.886203
-0.362939
0.010958
0.204149
0.268362
0.528822
-0.888989
-0.154508
0.365467
0.256107
0.247819
-0.489468
0.478043
0.644007
-0.437828
-0.025148
0.108434
0.002212
-0.099387
0.330423
0.140858
0.469630
-0.330779
-0.244783
0.410403
0.495258
-0.905360
-1.265880
0.144234
-0.360828
0.060678
-0.008698
1.027700
0.189814
0.338514
-0.257066
0.418316
0.915442
-0.350359
-0.476301
-0.597115
-0.556129
-0.105329
0.530600
-0.079936
-0.263298
0.248201
0.532954
0.802135
0.227238
0.315250
0.142742
-0.701461
0.283917
0.111126
-0.651699
0.359460
0.487534
0.716750
0.019612
-0.076723
0.025198
0.236012
-0.003677
-0.647342
-0.090190
-0.344770
-0.276267
-0.159679
-0.642193
0.383402
0.712144
-0.149081
0.443811
0.014134
-0.217100
-0.497614
0.412392
1.006850
1.477340
-0.871423
0.596730
-0.157099
-0.390488
0.191476
-0.200010
0.621459
-0.160098
0.154228
-0.116113
-0.322294
-0.461629
-0.722359
0.549139
-1.006940
-0.454314
0.092219
0.443516
0.758490
-0.451390
0.373005
-1.018620
-0.381730
0.143816
-1.294370
0.248562
0.204209
-0.180461
-0.969318
-0.409303
0.477948
-0.201682
-0.159478
0.567813
-0.384587
-0.040661
-0.037222
-0.383414
-0.010175
0.007581
0.194602
0.385531
0.704480
0.302292
-0.651617
-0.076558
0.387392
-0.389342
-0.072877
-0.705800
