0.129160
-0.031497
0.040582
-0.441080
0.193974
0.106041
0.412548
0.209696
-0.301688
-0.567563
0.342567
0.277314
-0.693655
0.169159
-0.396109
0.302728
-0.017041
-0.073410
-0.144728
-0.064433
-0.119272
0.021170
-0.725845
0.429146
0.256797
0.173956
0.296388
-0.000027
-0.468351
0.166705
-0.986419
0.253950
0.155912
-0.314519
0.485247
0.002004
-0.056325
0.162274
0.406462
0.463769
-0.051750
-0.067831
0.296122
-0.120057
-0.102528
-0.205628
-0.092700
-0.733498
0.208254
-0.432460
-0.029222
0.014024
0.387776
-0.228550
0.335413
-0.231350
-0.177457
0.481348
0.284843
-0.111922
0.156247
-0.441627
0.339771
0.422805
-0.942697
0.193030
0.456269
0.123674
-0.655585
-0.091276
0.034170
-0.293010
0.325404
0.072661
-0.457786
0.113342
0.428418
-0.072019
-0.457322
0.140725
0.396029
-0.111088
0.865594
0.071784
-0.197663
-0.123630
0.251842
0.418666
-0.459160
-0.630601
-0.124995
-0.220261
0.624398
-0.181958
-0.012614
0.116158
0.230090
0.097791
0.313931
0.280648
0.598598
0.337015
-0.005960
0.069963
0.181051
0.164432
-0.297316
-0.665359
-0.017017
0.610136
-0.277348
-0.294188
-0.238897
-0.080972
-0.195542
0.340401
-0.106495
0.163884
-0.358819
0.192105
0.296828
-0.033948
-0.339069
0.012646
-0.292056
-0.022683
-0.200955
0.055870
-0.440704
0.437724
-0.431789
-0.259616
0.220862
-0.105023
-0.134334
0.100504
-0.191732
0.031669
0.022600
0.366307
1.197520
-0.209109
-0.118450
0.487254
0.667349
0.258005
0.064249
-0.457236
-0.139991
0.069116
-0.617954
0.307869
0.086538
-0.627611
-0.125811
0.532129
-0.733827
0.509438
0.029714
-0.231061
0.733429
0.219797
-0.206251
0.085065
0.561200
-0.283300
-0.727848
0.529274
0.232243
0.111635
-0.591669
0.281516
0.110128
-0.399219
0.057170
-0.023897
-0.100589
-0.063520
-0.440794
-0.550029
0.258018
-0.284633
-0.202483
0.333677
0.090491
0.123139
0.315441
-0.386289
-0.057926
-0.171917
-0.041043
-0.150279
