-0.165186
-0.297323
0.553768
-0.528225
0.184876
-0.193057
0.068351
0.365922
0.045534
-0.206331
-0.012369
0.134260
-0.397579
-0.033821
-0.096000
-0.571218
-0.048816
-0.242842
0.157842
0.721259
0.211797
0.293969
-0.485206
-0.129153
0.338727
-0.614782
0.296769
0.187542
-0.350648
0.291163
0.777874
-0.248100
0.086442
0.533646
-0.472968
0.417606
-0.393837
-0.287114
-0.083153
0.835548
0.208853
-0.189532
0.434297
-0.920993
-0.165262
-0.319977
0.382160
-0.273723
-0.194343
0.759529
-0.212133
0.034816
-0.176026
-0.338168
-0.210380
0.519618
-0.258449
-0.027168
0.434791
-0.282232
0.172893
0.268076
0.363316
-0.427856
-0.195406
-0.081436
0.049657
0.552301
0.176411
-0.461753
0.645722
0.618850
0.438956
0.242190
0.202661
0.173077
-0.015465
0.493475
-0.289150
-0.322579
0.306380
-0.393952
0.501154
0.092102
-0.018203
-0.433130
-0.453169
0.066356
-0.490921
-0.014495
0.244450
-0.053147
-0.359273
0.032160
0.137985
0.349480
0.344474
0.070779
0.247408
0.379886
0.387635
0.463353
0.292121
-0.021985
-0.448360
0.392988
0.118934
-0.144157
-0.535160
0.252955
-0.519326
-0.254019
0.226813
-0.552443
-0.379089
-0.020064
-0.443999
-0.091268
0.433057
0.313787
0.654282
0.055219
-0.006144
0.172039
-0.205467
0.685834
-0.993604
-0.010660
-0.138530
-0.213072
0.332623
-0.319096
0.021391
0.142690
0.154481
-0.513040
-0.122535
0.103723
0.080875
-0.151250
0.678648
0.157502
-0.424711
-0.129605
-0.119936
-0.336775
-0.453779
-0.105791
-0.209514
-0.236029
-0.027763
0.002467
-0.201727
-0.113094
-0.096305
0.642279
0.448423
-0.444596
0.213127
-0.436015
0.077466
-0.030280
0.176568
-0.623514
-0.033968
-0.422136
-0.299845
0.193216
0.019797
-0.046473
-0.663039
-0.248230
-0.060652
-0.060131
-0.036311
0.133388
-0.398008
0.029006
0.629152
-0.207047
0.398589
0.144908
-0.432448
0.591103
0.200101
0.522892
0.084427
-0.212746
-0.155465
0.010053
-0.386719
0.086902
