-0.304848
0.027007
-0.431093
-0.617228
-0.011604
-0.725338
0.077452
-0.026679
0.578434
-0.450272
0.257265
-0.114586
-0.486506
0.356041
-0.127402
0.148019
0.087971
-0.081441
-0.384915
-0.635650
0.337064
-0.008318
-0.558815
0.169373
-0.020808
0.093235
-0.002369
-0.060464
-0.231028
0.080420
-0.032763
0.003965
0.274301
-0.246198
-0.027650
0.292529
-0.500516
0.303324
-0.025560
1.045780
0.106511
-0.258205
0.289022
-0.480579
-0.465038
0.147520
0.153235
-0.357719
-0.023274
-0.401809
-0.174124
0.734644
-0.056150
0.193560
-0.177062
0.387308
-0.285293
0.200709
0.345276
-0.337310
0.073612
-0.253874
0.167280
0.582444
-0.292337
0.276363
0.532575
0.537316
-0.574744
0.167445
-0.305284
-0.223998
0.246293
0.147296
-0.206848
0.341759
-0.144004
-0.055692
-0.353922
0.267131
-0.008256
0.317141
0.437734
-0.159214
-0.046193
-0.556163
0.102442
0.059537
-0.710487
-0.660180
0.137970
-0.176424
0.710793
-0.275538
0.158846
-0.196011
0.213965
0.316696
0.276566
0.765541
0.680973
-0.051938
-0.235019
-0.368138
-0.239189
0.421875
-0.869896
0.081905
0.526905
0.033515
0.203310
0.886340
-0.324856
-0.095740
-0.216874
-0.146563
-0.008403
-0.617350
0.509474
0.606148
0.256940
-0.017835
0.156051
0.338791
-0.158183
-0.148768
-0.763555
0.386159
-0.283022
-0.423543
-0.466447
-0.534436
-0.388536
0.275429
0.012488
-0.259843
0.113219
0.395613
-0.743209
0.757000
0.884755
0.501468
-0.101353
0.568216
-0.015401
-0.154643
0.513869
-0.383974
0.691890
0.279561
0.383920
-0.041451
-0.185953
-0.274158
-0.890583
0.545115
-0.888449
-0.109152
0.844755
0.255549
0.396991
0.126770
0.264902
-0.539090
0.294523
-0.344310
-1.029020
0.477238
-0.326076
0.403428
-0.760870
-0.453575
0.612796
-0.437560
0.112981
0.660193
-0.286095
0.085261
-0.332190
-0.698406
0.132272
0.394923
-0.036764
0.016638
0.392725
-0.253342
0.243278
0.096597
0.036956
-0.185851
0.026465
0.004510
