-0.308396
-0.226862
-0.430531
-0.348454
0.136505
-0.374152
-0.044860
0.062765
0.178687
0.075662
-0.148536
0.244992
-0.358974
-0.255153
0.435729
0.822014
0.108151
-0.342266
0.188033
0.135316
0.512563
-0.238662
-0.260096
0.200040
-0.217275
0.311564
0.184131
-0.181035
0.098840
-0.363846
0.152405
0.213593
-0.206421
0.065267
-0.662697
0.703365
-0.733698
0.360137
0.468162
0.475261
0.022718
-0.086669
0.176034
-0.011152
-0.468526
0.061817
0.288769
-0.279767
-0.327072
0.223607
0.106866
0.173895
-0.077666
0.471768
-0.072644
0.209164
-0.384761
0.382001
0.002244
-0.262645
-0.213814
-0.156705
-0.029922
0.383604
-0.442443
-0.131195
-0.131756
0.552449
0.327636
0.266515
-0.054298
-0.108601
-0.138638
0.337359
0.438184
-0.013893
0.028004
0.115924
-0.372891
-0.097012
0.190472
0.132877
0.334157
0.105832
0.174940
-0.338665
-0.391835
-0.292048
0.170633
-0.078905
-0.150141
-0.389942
0.281981
0.063017
-0.148939
-0.342030
0.035441
0.077620
0.321357
0.647765
-0.018754
-0.368134
0.020915
-0.160023
-0.122858
0.281713
-0.289942
0.228281
0.700161
-0.135857
-0.131521
0.689865
0.101919
0.067824
-0.145372
-0.595799
-0.150420
-0.204801
0.525441
0.179952
-0.351250
0.369073
-0.189449
0.227371
0.175697
-0.508430
0.006031
0.046487
-0.057977
-0.324306
-0.382025
0.025571
-0.303402
0.456902
-0.192936
-0.110294
-0.094543
0.222275
-0.046877
0.021799
-0.044892
-0.008673
-0.052063
0.175939
-0.017118
-0.094270
0.104403
-0.268705
0.261391
0.284646
-0.032000
0.052613
0.009927
-0.311189
-0.582237
0.136600
0.094745
-0.206582
0.135910
-0.001136
0.206515
-0.135106
-0.287724
-0.607819
0.208161
-0.111635
-0.138295
0.183792
-0.554342
-0.138216
-0.243974
-0.371800
0.305313
-0.125530
0.617276
0.148239
0.047517
0.292199
-0.755752
-0.512540
-0.162882
0.835067
-0.322753
-0.472081
0.123406
0.052287
0.524468
-0.045264
0.222793
0.498545
0.264150
-0.184973
