0.382044
0.158154
-0.111668
0.525883
-0.264164
0.344075
0.124169
-0.511777
-0.657946
0.082488
0.025918
0.125609
0.307293
0.123907
-0.102312
-0.334100
0.661926
0.183950
-0.499048
1.006930
-0.478376
0.117292
0.165610
-0.158453
-0.015554
0.105417
0.285944
0.175772
0.103611
-0.374543
0.156999
0.016135
-0.540564
-0.085562
-0.671244
-1.096680
0.790105
-0.471104
-0.196495
0.215532
0.311023
0.483485
-0.660685
0.245832
0.556870
-0.068467
-0.323638
0.908610
0.088778
0.122635
-0.901860
-0.348022
0.053921
0.385224
-0.066065
-0.254039
0.627740
-0.501753
-0.683280
0.611159
-0.479470
0.583784
-0.297765
-0.505994
0.359700
-0.415405
-0.378646
-0.588779
0.529907
0.390401
-0.062154
-0.219175
-0.071846
-0.356847
-0.395073
0.089329
-0.236160
0.317140
-0.106927
0.374670
-0.186543
-0.437560
-0.440470
-0.705605
0.710041
0.079254
-0.117622
0.133394
0.123673
1.164650
0.152671
0.167291
-0.293148
0.151253
-0.643168
-0.240855
-0.382721
-0.022084
-0.439516
-0.859438
-0.408115
0.308750
0.184064
0.569015
0.281959
-0.799067
-0.080627
0.508515
0.241701
0.375057
0.145697
-0.256323
0.517257
-0.292168
0.057474
-0.015238
0.111097
0.182055
-0.272631
-0.311562
0.154850
-0.170400
-0.024251
0.280811
-0.383506
-0.260413
0.205230
-0.411748
0.026579
-0.755067
1.138190
0.565512
0.124693
-0.306497
0.349348
0.198315
0.087108
-0.179556
0.101761
0.041253
-1.189260
-0.548919
-0.284557
-0.344813
-0.317522
0.472834
-0.055680
0.333765
0.109844
0.302716
0.165384
0.088796
-0.135335
-0.234070
0.295689
-0.042525
0.776735
-0.047259
-0.306504
0.332983
-0.293592
0.732290
0.138411
0.581536
-0.680315
-0.069401
0.520814
-0.568863
-0.063901
0.355666
0.618631
0.489111
-0.958114
0.294906
-0.352134
-0.090260
0.178422
0.477846
0.548601
0.538507
-0.311140
0.108420
0.148859
-0.394629
-0.880886
-0.017455
0.635463
-0.539051
0.412736
0.229936
0.071919
0.289424
