0.893237
-0.180660
-0.277349
0.735551
-0.339093
0.724995
0.291296
-0.402791
-0.664714
0.096046
0.123990
0.011154
-0.077537
0.389923
0.008976
-0.190709
0.315312
0.155321
-0.415176
0.439644
-0.603286
-0.194425
-0.211218
0.091913
0.103027
0.346859
0.382833
-0.152980
0.226468
-0.178831
-0.705595
-0.337193
-0.751770
0.182844
-0.227746
-0.865658
0.656945
0.105510
0.136973
0.466557
-0.210283
0.404009
0.007394
0.503059
0.437985
0.143929
-0.236350
-0.217535
0.039696
-0.314017
-0.597729
-0.471986
0.433662
-0.378961
-0.164261
-1.010580
0.345540
0.078669
-0.524052
0.600759
-0.234620
0.139166
-0.509725
0.494579
-0.197605
-0.292696
-0.082578
-0.609315
0.345957
0.322080
-0.254344
-0.564500
-0.002408
0.122214
-0.673069
-0.303151
0.383346
-0.109056
-0.189026
0.235391
0.089781
-0.132432
0.042219
-0.417657
0.334265
0.028803
-0.069953
-0.168545
0.339641
0.615645
-0.183909
0.222663
0.084116
-0.038587
-0.768685
-0.206598
-0.305907
0.053639
-0.158894
-0.608449
0.438471
0.387221
0.154828
0.583964
0.544977
-0.446422
-0.173264
-0.001721
-0.173965
0.156271
-0.450155
-0.252921
-0.125464
-0.140274
0.213763
-0.217683
0.105074
0.277953
-0.385903
-0.361273
-0.273033
0.153997
-0.111215
-0.105239
-0.422578
-0.081331
0.548594
0.017898
0.100191
0.203572
0.062223
0.332205
-0.120638
-0.418337
0.200054
0.053742
-0.201243
0.166518
0.549150
-0.057607
-0.553149
-1.279240
0.492014
-0.043898
0.320635
0.344594
-0.030489
0.130747
-0.192668
0.309327
-0.345680
0.340796
0.302869
-0.174477
0.354127
-0.064266
0.315537
0.675045
0.053078
-0.142268
-0.226939
0.726698
-0.281542
0.795233
0.308151
-0.221172
0.621858
0.047189
-0.066005
0.247840
0.256638
0.422452
-0.365668
0.001032
-0.073399
-0.309933
0.469511
0.409703
-0.303165
0.181439
-0.178642
0.068171
-0.047597
-0.284532
-0.422662
-0.108147
0.508094
-0.304314
0.098241
0.086571
0.147354
0.505123
