1.045100
-0.186646
-0.353468
1.109380
-0.503394
0.847548
0.122607
-0.568250
-0.606433
0.353388
0.012271
-0.129218
0.244410
0.417705
0.182219
-0.417197
0.362042
0.230111
-0.470557
0.588679
-0.640887
-0.265115
0.119022
-0.107765
-0.021743
0.353959
0.386254
-0.217109
0.501841
-0.279778
-0.361143
-0.551247
-0.987713
0.378228
-0.554225
-1.055610
0.792725
0.094891
-0.014600
0.448303
-0.239844
0.514070
-0.086686
0.645589
0.619891
0.241675
-0.208127
0.089350
-0.026808
-0.155892
-0.732762
-0.565145
0.338566
-0.316679
-0.447614
-1.120280
0.558741
-0.172004
-0.758475
0.807732
-0.357673
0.406174
-0.795880
0.397709
0.248502
-0.411642
-0.352876
-0.766824
0.831153
0.434549
-0.289392
-0.560262
-0.158451
0.099693
-0.566664
-0.440328
0.260672
-0.044940
-0.005645
0.209471
-0.042636
-0.077708
-0.397863
-0.502157
0.485760
0.101729
-0.270484
-0.451027
0.651558
1.083380
-0.166187
0.355899
-0.177851
0.069684
-0.969457
-0.298473
-0.478169
0.028526
-0.316874
-0.820734
0.284221
0.306383
0.225051
0.698839
0.555667
-0.591697
-0.087264
0.334940
-0.187984
-0.142862
-0.426676
-0.118750
-0.030974
-0.157496
0.355746
-0.462211
0.129018
0.227921
-0.252914
-0.556644
-0.478807
0.207390
0.035425
-0.131436
-0.372305
-0.084946
0.716236
-0.027679
0.277237
0.021981
0.222339
0.481980
-0.261178
-0.464383
0.288120
0.053092
-0.145297
0.208288
0.733807
-0.252479
-1.296420
-1.466060
0.647527
-0.312375
0.050531
0.244976
-0.080047
0.393408
-0.121255
0.343248
-0.120656
0.252645
0.286656
0.085783
0.427186
-0.323449
0.750795
0.562087
0.070474
-0.081415
-0.644041
0.749065
-0.240361
0.880076
0.118175
-0.135695
1.067450
-0.210242
-0.186178
0.242609
0.497817
0.356422
-0.470596
0.152586
-0.092327
-0.361959
0.573549
0.540745
-0.157077
0.451363
-0.327397
0.236351
0.001403
-0.528117
-0.557102
-0.176968
0.449617
-0.150605
0.141738
0.223313
0.200435
0.684457
