0.343803
1.060390
0.303037
0.634530
0.323856
0.540441
0.011299
-0.646656
-0.294346
0.438724
-0.201834
0.143959
0.784475
-0.384339
0.204209
0.364173
0.222707
0.363341
0.111699
-0.369873
-0.561653
-0.356944
0.443592
-0.110067
-0.292401
0.020748
-0.290219
0.171222
0.733528
-0.548829
-0.410924
-0.283478
-0.353278
-0.215796
0.130968
-0.895516
0.802598
-0.384631
-0.369832
-1.223180
0.491749
0.675347
-0.906628
1.344420
0.479971
0.464448
-0.549653
0.974281
0.039266
-0.002161
0.817258
-0.322650
0.488656
0.205273
0.217198
-0.552690
0.628953
-0.917508
-0.763375
0.446757
-0.462285
0.704595
-0.401536
-0.537574
0.422445
-0.131848
-0.265923
-1.094380
0.375231
0.520511
-0.373579
-0.161270
-0.285837
-0.277226
-0.079193
-0.223325
-0.082645
-0.672335
0.453040
0.130858
-0.583831
-0.382025
-0.736209
-0.247541
0.279805
0.325937
0.594931
0.236931
0.822936
0.288773
-0.205193
0.169526
-0.029736
0.169066
-0.154780
0.632258
0.135015
0.056837
-0.439439
-0.710153
-0.342122
-0.564704
-0.209259
-0.062579
0.096605
-1.023690
0.619168
-0.228468
-0.580582
0.225383
0.206078
-0.328064
-0.015226
-0.190011
0.067883
-0.094012
0.592439
0.276246
-0.272575
-0.685070
-0.600152
0.131469
-0.072961
-0.499328
0.375123
0.153381
0.858996
0.058263
0.274520
-0.222580
0.564548
0.798349
0.003688
-0.147660
0.370231
0.516100
-0.143837
-0.649343
0.629377
-0.528181
-0.952622
-0.299012
0.184475
-0.251364
0.566851
0.060836
-0.366032
0.845855
-0.578275
-0.156993
0.047906
-0.271372
0.352219
-0.057737
0.636766
-0.684440
0.304846
-0.100449
-0.484625
0.598805
-0.073282
0.176824
-0.028895
0.435414
-0.467829
0.585351
0.557362
-0.645287
0.314933
-0.372166
0.462710
0.523270
-0.812506
0.305763
-0.337234
-0.367815
0.241773
-0.019076
0.079507
0.656061
-0.713837
-0.356415
0.394426
-0.224450
-0.125271
-0.247342
-0.011755
-0.133548
0.153767
0.556089
-0.167262
-0.091606
