0.391341
-0.029030
0.001038
0.442745
-0.469891
0.356896
-0.395334
0.289173
-0.099848
-0.160043
0.433362
-0.270344
0.295659
0.238164
-0.561985
-0.355084
0.078195
0.425837
-0.659018
0.146525
-0.070923
-0.174209
0.931597
0.004954
0.049803
0.167565
0.376624
-0.260048
-0.110854
0.375313
-0.195384
0.423796
0.026219
-0.744024
0.287383
-0.559586
0.226229
0.065162
0.437011
-0.138576
-0.124365
-0.512186
-0.286307
0.055214
0.107591
-0.399259
-0.543484
0.425755
0.626758
-0.013417
-0.342473
0.240339
-0.271607
0.368935
0.100326
-0.110019
0.542409
-0.215718
-0.488824
0.196571
0.289025
0.021728
-0.012606
-0.079742
0.305059
0.232578
-0.531759
-0.194611
-0.050198
0.010576
0.148973
-0.500194
-0.247527
-0.528718
-0.086316
0.175110
-0.245486
0.418098
0.437472
0.518035
-0.132315
0.117142
-0.577395
0.145944
-0.147969
0.540463
0.182268
-0.030870
0.309401
0.562361
0.040616
0.063591
0.033561
0.405713
-0.155463
-0.306086
-0.276867
-0.321994
0.171589
-0.507704
-0.579840
0.129508
-0.163480
0.626350
0.522783
0.103395
0.120247
0.048594
0.183034
-0.245402
0.482825
-0.132285
0.144102
0.274693
0.256722
0.269356
-0.261509
0.053880
-0.714944
-0.397304
0.457276
-0.326439
-0.105936
-0.259458
-0.105823
-0.391240
0.470187
-0.802759
-0.150311
0.167323
-0.123698
-0.305620
0.493816
-0.419377
-0.436092
0.926553
0.376644
-0.159656
0.263443
0.114695
-0.465236
-0.049313
-0.206369
-0.011127
-0.265624
0.265004
0.366373
0.053105
0.337751
0.207321
-0.217398
0.109024
-0.067312
-0.224252
0.180514
0.031222
-0.154284
0.308803
-0.631973
-0.287427
0.143988
-0.137238
-0.222292
0.412633
-0.169092
0.298328
-0.040570
-0.197559
0.415562
0.180440
0.057340
0.565129
-0.066687
-0.131015
-0.058571
-0.275623
-0.039250
-0.033609
0.062898
0.260553
0.293823
-0.495190
-0.136310
-0.212094
-0.395332
-0.061496
-0.426568
0.015229
0.080493
-0.338331
0.292149
-0.092921
