-0.386011
0.179785
-0.171884
-0.164092
-0.158509
-0.328581
-0.617754
0.451410
0.663336
0.021728
0.227585
-0.213901
0.087883
0.403691
-0.081359
0.713390
-0.393778
0.091323
0.243302
-1.239840
0.498020
-0.259434
0.437815
0.384756
-0.082765
0.480348
-0.610719
-0.161235
-0.147071
0.332594
-0.726826
0.467858
0.633203
-0.646540
1.008710
0.790235
-0.477656
0.469076
0.369434
-0.778531
-0.433811
-0.505312
0.137100
0.343520
-0.349855
0.007159
0.099175
-0.568803
0.342592
-0.644815
0.763796
0.313596
-0.023186
0.352291
-0.132867
0.178808
-0.041659
0.200784
0.253288
-0.395673
0.514295
-0.776789
0.136122
0.614603
-0.070370
0.731744
0.091131
0.314693
-0.660532
-0.247559
-0.301669
-0.034769
-0.232104
0.109130
0.125404
0.010479
0.054795
-0.277550
0.397910
-0.258381
-0.033542
0.915548
-0.243935
0.690190
-0.586057
0.164628
0.385194
-0.036079
0.027833
-0.895695
-0.065690
-0.136931
0.635941
-0.150372
0.507135
-0.041418
0.055581
-0.221484
0.191707
0.541564
-0.321310
-0.511406
-0.526110
-0.284250
-0.040229
0.681409
0.119036
-0.262839
0.402116
-0.648193
0.567557
0.486593
-0.409759
0.822742
0.692210
0.584161
0.001829
-0.053404
-0.322779
0.228323
-0.539655
-0.163161
0.178279
-0.148334
0.529141
-0.592559
0.309327
0.147576
0.142896
0.611456
-1.004040
-0.697659
-0.044639
-0.068220
-0.625594
0.679649
0.120689
-0.105868
-0.096595
0.057260
0.507886
0.386021
0.491317
0.231387
0.143971
-0.026445
0.338858
-0.250033
0.172482
-0.160862
-0.091034
-0.187721
0.013671
0.239217
-0.399997
-0.428464
-1.018120
0.220914
-0.267570
-0.114001
-0.046350
-0.875141
-0.323048
-0.075417
0.402967
0.300891
-0.298437
0.302207
0.055749
-0.208494
-0.209040
-0.015449
1.072220
-0.249325
0.010108
-0.150996
-0.086504
-0.629253
-0.778588
-0.243846
0.294892
-0.431133
0.123753
0.052666
0.368751
-0.257908
-0.704297
0.562957
-0.285195
-0.249378
0.250076
-0.526390
