0.006509
0.464779
0.388125
0.672657
-0.340375
0.156091
-0.406968
-0.497730
0.377112
0.294347
0.202977
-0.072365
0.751467
0.777136
-0.016641
-0.650421
0.426315
0.625427
-0.267587
-0.119564
-0.158021
0.182958
0.017543
-0.016598
0.215973
-0.164283
-0.962064
0.006737
0.253537
0.280335
0.266223
-0.457882
-0.383927
-0.025976
0.010135
-0.723353
1.196310
-0.205587
-1.320770
-0.169958
0.315475
0.165323
-0.608992
0.196045
0.346301
0.168837
-0.281533
0.427530
0.181791
-0.384713
0.065902
-0.047609
0.428431
-0.345788
-0.953159
-0.220353
0.714968
-1.044830
0.382364
0.503226
-0.429582
0.476588
-0.315419
-0.219292
0.879125
-0.064287
-0.060622
-1.043880
0.035373
0.110238
-0.326732
0.621067
0.159821
-0.058702
-0.782752
-0.046930
0.193719
-0.380969
0.505575
-0.314204
-0.442061
0.407424
-0.994551
-0.096828
0.272089
-0.188270
0.554377
0.215122
0.075312
0.220530
-0.193728
0.535441
-0.066801
-0.164210
0.014469
0.636329
-0.121660
-0.199679
-0.691872
-0.454147
-0.183524
-0.035482
-0.577743
-0.124373
0.412347
-0.122335
0.175621
0.134218
-0.670240
0.019386
0.460731
-0.282214
0.265210
-0.140455
0.448538
0.443489
0.704776
0.053034
-0.304616
-0.307408
-0.131195
-0.046807
0.451910
0.016766
-0.177147
-0.095270
0.300541
0.242824
0.523629
0.083109
0.778384
-0.238872
-0.352066
-0.370066
0.306852
0.284156
-0.545816
-0.517468
0.038029
-0.144728
-0.979406
-0.296152
0.125193
-0.160104
0.103139
0.139554
-0.166479
0.704835
0.271405
-0.441065
0.283992
0.220083
-0.125452
0.188929
0.011032
-0.788546
0.173358
-0.001479
0.088670
0.727297
-0.816670
0.214906
0.356849
0.424208
-0.652682
0.108589
0.310680
-0.437130
0.120089
0.252086
0.188503
0.237573
-0.241466
0.213119
-1.185180
-0.318785
0.358910
0.132226
0.285782
0.971684
-0.438219
-0.280813
0.768121
0.450679
0.198145
-0.116217
-0.510271
-0.365583
0.023033
0.005489
-0.092563
0.103122
