0.017059
-0.006440
-0.150945
0.640627
0.049407
0.249500
0.424587
-0.949507
-0.344509
-0.017432
0.135179
0.291341
0.267841
0.085961
0.392407
-0.575473
0.645377
0.474132
-0.664489
0.923854
-0.118615
0.289396
0.269472
-0.473185
-0.367855
0.100917
0.406456
0.107716
0.355194
-0.367566
0.470491
-0.086118
-0.414429
0.158724
-0.805411
-0.681759
0.719725
-0.092872
-0.508403
0.146687
0.056610
0.480301
-0.301890
0.347183
0.494680
0.110222
-0.148866
0.746934
0.103505
-0.265276
-0.909209
-0.259872
0.081661
0.066682
-0.504823
-0.366825
0.500692
-0.417486
-0.001818
0.755974
-1.009680
0.543961
-0.198382
-0.179861
0.747153
-0.487858
-0.046691
-0.836636
0.822371
0.568867
-0.048342
-0.173150
0.126430
-0.626069
-0.282224
-0.325393
0.162206
0.331722
-0.215862
0.331014
0.221477
-0.355498
-0.292778
-0.413436
0.352193
0.422177
-0.126910
-0.112870
0.213168
0.892687
-0.345018
0.477411
-0.131107
0.122479
-0.695941
-0.258189
-0.854125
-0.083202
-0.643073
-0.468424
0.112003
0.003748
0.488958
0.205784
0.663293
-0.333796
-0.300662
0.529151
0.377839
0.020245
0.194736
0.030764
0.429128
-0.406254
-0.127568
-0.718096
0.438869
0.119072
0.046610
-0.920023
-0.088834
0.068012
-0.016523
0.340391
-0.380687
-0.498207
0.393502
-0.433893
-0.015503
-0.337352
0.631236
0.485532
0.093659
-0.020549
0.076188
-0.334857
-0.162698
-0.076701
0.080510
0.416655
-1.617350
-0.446565
-0.370005
-0.289128
-0.187255
0.129418
0.128771
0.449027
0.057920
0.152819
-0.012187
0.378739
-0.444947
-0.169752
0.311119
-0.443590
0.657974
0.001898
-0.042931
0.461494
-0.208030
0.463388
0.398102
0.175835
-0.379789
0.111830
0.387773
-0.506908
-0.194423
0.198938
0.624562
-0.059104
-0.929815
0.085090
-0.081897
-0.038795
0.242981
0.839352
0.132440
0.655176
-0.576680
0.279133
0.120046
-0.409845
-0.519944
-0.349146
0.319159
-0.610045
0.266143
0.594672
0.068526
0.432102
