0.022736
0.309515
0.137242
0.685940
-0.102502
0.224578
-0.248380
-0.609316
0.513655
0.605866
-0.025509
0.115964
0.543908
0.504509
0.624286
-0.158279
0.715848
0.458553
-0.080680
0.060467
-0.051608
-0.188713
0.015055
0.311490
0.005793
-0.060536
-0.819533
-0.295633
0.860418
0.138639
0.302143
-0.773641
-0.707133
0.410488
-0.674729
-0.525261
0.986949
0.228839
-1.229580
0.203040
0.516967
0.571656
-0.509501
0.282458
0.532269
0.515270
-0.196065
0.415733
-0.594582
-0.115908
0.222910
-0.154205
0.661056
-0.550175
-0.939272
-0.544913
0.447627
-0.756563
0.470489
0.715497
-0.883832
0.501716
-0.503666
-0.044461
0.518414
-0.369003
-0.149986
-0.915603
0.641138
0.430265
-0.529606
0.707914
-0.069684
0.349490
-0.527475
-0.329019
0.413206
-0.454560
0.275450
-0.268023
-0.398984
0.126805
-0.691816
-0.120170
0.375271
-0.424693
0.538206
-0.168181
0.506527
0.549132
-0.413794
0.750231
0.017898
-0.276550
-0.354350
0.675248
0.049021
-0.129995
-0.943720
-0.576265
0.077012
-0.391557
-0.583217
-0.397659
0.436590
0.025917
-0.206767
0.284460
-0.573065
-0.024426
-0.053400
0.081462
0.130964
-0.335676
0.407880
-0.337218
0.726601
-0.124019
-0.017106
-0.384353
-0.314258
0.383091
0.208254
0.036025
-0.321555
-0.371028
0.475758
0.531836
0.619428
-0.079737
0.663246
0.090053
-0.733126
-0.036540
0.371574
-0.034862
-0.884457
-0.391811
0.056847
-0.291452
-1.462150
-0.509331
0.372471
-0.348730
0.123152
-0.045711
-0.316925
0.891710
0.277344
-0.470757
0.377282
0.365487
-0.082783
0.163921
-0.255781
-1.215460
0.575046
-0.032095
0.390831
1.111700
-1.140770
0.256292
0.367844
0.399031
-0.682545
0.034950
0.556427
-0.436719
-0.158839
0.215177
0.340048
0.046636
-0.292082
0.089244
-0.711890
-0.211116
0.599972
0.657355
-0.454162
0.798760
-0.943042
0.210805
0.656841
0.292877
0.111538
-0.514725
0.012929
-0.577209
0.014849
0.324732
-0.016326
0.216061
