0.469499
-0.076061
-0.439716
0.041857
-0.140271
0.220058
0.083623
-0.229992
0.424310
0.983694
-0.064545
-0.437999
-0.121836
0.126438
0.460968
0.115255
0.328261
0.156702
-0.149650
-0.585141
-0.611597
-0.231392
0.575099
0.274971
0.041380
-0.105863
-0.189107
-0.301655
0.866045
0.161868
-0.445126
-0.724004
-0.247191
0.719029
-0.288849
-0.474638
0.655829
0.920133
-0.504046
0.134000
0.187883
0.815116
-0.127594
0.357555
0.678410
0.922057
-0.182876
0.053432
-0.810954
-0.711409
-0.088241
-0.253977
0.599049
-0.817753
-0.405025
-0.668128
-0.088249
0.210085
0.279115
0.362820
-0.251048
-0.060140
-0.452829
0.009945
0.042615
-0.419849
0.270652
-0.462640
0.551736
0.354552
-0.718715
0.334782
-0.268333
0.390095
-0.317093
-0.585421
0.234984
-0.286267
0.514289
0.248459
-0.132737
-0.109541
-0.347364
-0.294502
-0.308846
-0.199065
0.189536
-0.314135
0.448918
0.423292
0.050302
0.873426
-0.086366
-0.304327
-0.740234
0.331938
-0.070571
-0.125737
-1.123530
-1.372660
0.900022
0.032105
0.007848
-0.462552
0.382269
0.358611
-0.574558
0.100402
-0.855629
-0.252172
-0.299760
-0.114000
-0.555319
0.070171
0.559286
0.151363
0.546880
-0.035191
-0.262609
0.172824
-0.128219
-0.112338
0.266134
-0.143371
-0.261599
-0.119668
0.166084
0.800097
0.373032
0.103572
0.081301
0.649525
-0.459965
-0.049898
0.142436
-0.403719
-0.426307
0.225034
-0.353654
0.141938
-0.807266
-0.169184
0.884628
-0.836194
-0.180746
-0.221080
0.023357
0.845214
-0.420981
-0.475405
0.298502
0.130401
-0.028098
0.772517
0.303036
-1.260570
0.167799
0.809505
0.304962
0.346970
-1.387520
0.038714
0.203547
1.086270
0.262132
0.304092
0.474446
0.013118
0.187999
0.205970
0.819989
0.000707
0.091414
-0.021758
-0.145729
0.220471
0.545227
-0.027703
-0.279559
0.875858
-0.503556
-0.625121
0.488559
0.296496
-0.149838
-1.101120
-0.068275
-0.075222
-0.462728
-0.174259
-0.211225
0.651617
