0.088023
-0.015092
-0.277140
0.390320
0.235419
-0.283516
0.877057
-0.780427
-0.541411
-0.242919
0.003031
0.397395
-0.302201
-0.394508
0.550563
-0.157828
0.778456
0.120760
-0.459325
0.628675
-0.080590
-0.098361
-0.309866
-0.233481
-0.463124
0.045800
0.763545
0.191771
0.407918
-0.598765
0.427872
0.188589
-0.047176
-0.240209
-0.386155
-0.340449
-0.072457
-0.557581
0.021900
0.179240
0.216188
0.435912
-0.098874
0.009566
-0.053322
0.363780
-0.174705
0.598123
-0.056419
0.414780
-0.310484
0.162074
-0.383710
0.104818
0.629723
-0.135998
-0.129975
-0.010797
-0.796230
0.004717
-0.324532
0.450215
-0.192023
-0.142794
0.122686
-0.632850
0.273739
-0.254348
0.192721
0.656325
-0.274462
-0.557826
0.222543
-0.257716
0.143652
-0.019529
-0.223181
0.306887
-0.576742
0.786348
-0.035050
-1.027110
0.352923
-0.582275
0.574199
0.081954
0.530318
-0.089144
0.091881
0.606079
0.015306
0.066305
0.237048
0.167182
-0.094985
-0.450488
-0.489115
0.634885
-0.152749
-0.302216
0.411214
-0.095894
0.273565
-0.032570
-0.044405
-0.706100
-0.426056
0.269473
0.536772
0.082282
-0.268450
0.596043
-0.160031
-0.696109
-0.460046
-1.182450
-0.010397
-0.040385
0.566951
-0.542303
0.140961
0.089373
-0.485216
0.260774
-0.150507
-0.139610
0.270360
-0.077763
-0.221288
-0.810507
0.318759
0.646727
-0.040432
0.289941
0.210834
-1.051100
0.422980
-0.046381
-0.522964
0.450841
-0.176230
0.072193
-0.511517
0.303370
-0.149318
-0.031920
0.235864
0.010685
-0.160938
0.587522
0.122863
-0.045700
-0.032697
-0.313268
0.597335
0.477020
0.072934
-0.365392
0.263852
0.148055
0.724168
0.780598
0.416221
-0.190925
-0.194939
-0.121053
0.095163
-0.204761
-0.395163
0.072012
0.677712
-0.062737
-1.026070
-0.039559
0.663370
0.172196
-0.118334
0.625559
0.049845
-0.293418
-0.277433
0.570721
-0.268456
-0.499760
-0.399510
-0.493866
0.916772
-0.308041
0.028652
0.277679
-0.321047
0.375816
