0.168786
0.155916
-0.078261
0.271547
0.416042
0.634668
0.520300
-0.477783
-0.717797
0.392991
-0.407896
0.534700
0.134728
-0.651075
0.329468
0.870446
-0.023318
-0.213999
0.621664
0.679229
-0.410041
-0.017049
-0.523506
0.045605
0.064892
0.261944
-0.195730
-0.077967
0.327402
-0.843323
-0.148304
-0.199457
-0.940653
0.559162
-0.781914
-0.350575
0.820404
0.032765
-0.309656
-0.427966
0.295601
0.702640
-0.506062
0.715095
0.224273
0.168810
-0.126245
0.029755
-0.314024
-0.107821
0.206553
-0.687703
0.505056
0.002759
0.072842
-0.590452
0.093626
0.040996
0.065670
0.512010
-0.953536
0.357214
-0.263142
-0.058579
-0.200469
-0.798387
-0.233777
-0.799215
0.669426
0.493384
-0.046296
0.194617
-0.163561
0.136847
-0.067999
-0.483374
0.565787
-0.364909
-0.121149
-0.377602
0.077732
-0.137294
-0.020118
-0.110619
0.563711
-0.051432
-0.283482
0.222611
0.767342
0.338072
-0.620849
-0.241019
-0.416763
0.183986
-0.558730
0.198402
-0.004289
-0.095594
-0.330397
-0.471847
-0.460370
-0.141102
0.211754
0.014208
0.359600
-0.833790
0.275302
0.045062
-0.049059
0.747702
-0.266150
-0.874996
0.528818
-0.009658
-0.395541
-0.174864
0.529717
0.583345
-0.046532
-0.332350
-0.802280
0.436215
-0.244015
-0.057637
0.034501
-0.223654
0.764085
0.193047
0.163694
0.093963
0.605561
1.125890
-0.117630
0.176702
0.351286
-0.053547
-0.757365
-0.268104
0.552587
-0.581259
-1.097500
-0.832931
0.118699
-0.129261
0.481249
0.303537
-0.434595
0.148474
-0.384623
-0.098236
-0.513601
0.312757
0.284811
-0.154487
0.388420
-0.666372
0.874722
0.145585
-0.385975
0.393899
-0.132565
0.372119
-0.371756
0.370320
-0.184944
0.142051
0.906344
-0.366251
-0.207329
-0.379979
0.669515
0.083681
-0.702770
0.574649
0.070448
-0.382649
0.815121
0.254598
-0.411698
0.454361
-0.874717
0.434491
0.238251
-0.582640
-0.181804
0.286801
0.537039
-0.562649
0.532093
0.786116
0.164951
-0.053375
