-0.941967
0.168673
0.247750
-0.494032
0.277404
-0.785907
0.099008
0.288485
0.241969
-0.327855
0.037309
0.127841
0.082798
-0.219380
-0.104657
0.463849
0.097640
0.014010
0.094331
-0.585145
0.434643
0.211890
-0.310931
-0.019158
0.164113
-0.208999
-0.498893
0.258200
-0.514112
-0.042236
-0.015223
0.220805
0.525717
-0.600399
0.570936
0.292707
-0.115413
-0.407156
-0.019114
-0.385110
0.608116
-0.539026
-0.374263
-0.302806
-0.502504
-0.326852
-0.354937
0.271604
0.191696
-0.110627
0.449763
0.775460
-0.154436
0.367080
0.484651
0.702417
-0.337486
-0.032342
0.452159
-0.596257
-0.039479
-0.093793
0.742411
-0.253625
-0.200887
0.063759
0.396848
0.201680
-1.051320
-0.068721
0.128185
0.108460
0.252073
-0.413876
0.137608
0.588855
-0.294120
-0.208297
-0.026257
0.111462
-0.164653
0.113741
0.267680
0.214905
-0.189512
-0.210338
0.635901
0.529363
-0.786910
-1.116720
0.098129
-0.227973
0.104480
-0.160173
0.886058
0.153846
0.267942
-0.171333
0.229671
0.496744
-0.273356
-0.379962
-0.664793
-0.418290
0.064389
0.254874
-0.059829
-0.396459
0.171192
0.706715
0.627536
0.010453
0.207751
0.181975
-0.605601
0.345369
0.268102
-0.431385
0.071615
0.423961
0.623222
0.031184
-0.169680
-0.020038
0.109756
-0.012220
-0.359309
0.037930
-0.204891
-0.187595
0.054661
-0.383692
0.374488
0.557056
-0.014458
0.330704
-0.049111
-0.264980
-0.509858
0.367645
0.936607
1.091090
-0.658185
0.627910
0.041730
-0.125144
0.159268
-0.211634
0.435133
-0.118206
0.020379
0.034017
-0.161983
-0.490217
-0.382624
0.436825
-0.986488
-0.215611
0.002558
0.550903
0.716043
-0.102694
0.337316
-0.514407
-0.373389
0.093021
-1.001010
0.288781
0.212548
-0.078249
-0.549382
-0.157366
0.244246
-0.107018
-0.237123
0.423697
-0.165469
0.049054
-0.126530
-0.270804
-0.118711
-0.099354
0.284501
0.409117
0.507003
0.179676
-0.359688
-0.259834
0.379274
-0.448749
-0.039533
-0.563964
