0.250400
0.840127
0.330964
0.539892
0.332715
0.501828
-0.191742
-0.387720
-0.258231
0.215028
-0.205165
0.073377
0.769900
-0.394899
0.043942
0.168633
-0.124249
0.204011
0.258772
-0.077220
-0.314616
-0.257526
0.552136
-0.215846
-0.372286
0.036003
-0.175741
0.202473
0.506138
-0.389599
-0.125872
-0.088989
-0.177909
-0.138015
0.178253
-0.542098
0.384939
-0.374574
-0.171650
-1.125370
0.123857
0.371385
-0.519787
1.081980
0.349175
0.150255
-0.196902
0.747804
0.222541
0.205777
0.660914
-0.371284
0.234368
0.345050
0.143089
-0.284117
0.592826
-0.742321
-0.729767
0.324155
-0.158023
0.505681
-0.305179
-0.463323
0.521812
0.156992
-0.410206
-0.697673
0.427127
0.231021
-0.034371
-0.226953
-0.250192
-0.260480
0.113827
-0.175726
-0.137203
-0.396995
0.415976
-0.134069
-0.452876
-0.163617
-0.688388
-0.047756
0.158727
0.514153
0.114270
0.173539
0.704837
0.333285
-0.106914
0.005287
-0.158692
0.257232
0.000087
0.421473
0.054109
0.058750
-0.086641
-0.263204
-0.617256
-0.437112
0.032892
0.094240
-0.115736
-0.868253
0.734764
-0.071643
-0.286901
-0.121027
0.229720
-0.268772
0.159782
-0.106571
0.111899
-0.099846
0.209035
0.307726
-0.189064
-0.593090
-0.625904
0.060910
0.029353
-0.385370
0.481493
0.205976
0.608452
-0.235421
0.214411
-0.145200
0.321499
0.534412
0.097072
-0.243383
0.196101
0.511751
0.068605
-0.475715
0.738795
-0.621703
-0.787866
-0.238700
0.025937
-0.251975
0.393805
0.088087
-0.307793
0.517242
-0.440555
-0.065504
0.002956
-0.402221
0.274010
0.044293
0.423182
-0.398838
0.413637
-0.275932
-0.545238
0.200419
-0.010920
-0.140752
-0.154137
0.110019
-0.360237
0.428792
0.542369
-0.646087
0.214222
-0.419240
0.298427
0.383891
-0.610304
0.335106
-0.218605
-0.429992
0.014353
-0.204025
0.329094
0.440532
-0.389565
-0.260375
0.148649
-0.292794
-0.151488
0.087262
-0.181068
0.154536
0.061974
0.490331
-0.051960
-0.166786
