0.511457
0.394459
0.369450
0.556231
0.213161
0.555300
0.257883
-0.055454
-0.330609
0.131637
0.125763
-0.192282
0.334372
0.227738
-0.093373
-0.597444
0.336166
0.335570
-0.056513
0.079178
-0.859558
-0.187001
0.570181
0.083836
0.043465
-0.277472
-0.012541
0.216634
0.419391
0.254978
-0.733142
-0.572518
0.265106
0.240308
0.499169
-1.144070
0.830212
-0.185531
-0.241511
-0.291013
0.275254
0.655652
-0.050741
0.318065
1.203060
0.234138
-0.431964
0.429278
-0.216404
-0.197167
-0.222080
-0.493018
0.434821
-0.930612
0.160817
-0.903441
0.394716
-0.138691
-0.220636
0.598579
-0.003334
0.176257
-0.120938
-0.561907
0.076195
0.051970
0.183429
-0.705514
0.028947
-0.130532
-0.050440
0.009320
0.127938
-0.389888
-0.467976
-0.277546
0.039268
-0.144417
0.292300
0.269788
-0.295131
-0.825450
-0.080354
-0.164103
-0.290742
0.275634
0.616621
0.299384
-0.131766
0.508091
0.374053
0.996890
-0.294151
-0.272297
-0.270090
0.668404
0.191757
0.015822
-0.780975
-1.438630
0.584772
0.249574
-0.051721
0.129349
0.074451
-0.238330
-0.048220
-0.320922
-1.065080
0.259372
-0.405573
-0.549144
-0.519894
-0.330516
0.610040
0.256152
0.091242
0.085433
-0.674290
-0.107518
0.422866
-0.196421
0.028332
-0.283909
-0.415529
0.475677
-0.181144
0.220803
0.163601
0.017524
0.468130
0.362991
0.230860
-0.461415
0.385580
0.008854
0.007358
-0.221260
0.345641
-0.141634
-0.106070
-0.276283
0.557827
-0.674951
0.029289
-0.013342
-0.346956
0.722356
-0.526280
-0.488822
-0.045511
-0.155977
0.045784
0.368397
0.758540
-0.540096
0.009818
0.367671
-0.026093
0.364502
-0.784995
0.230128
0.380891
1.086660
-0.101747
-0.078859
0.486559
-0.060473
0.790041
0.267343
0.581631
0.633723
-0.517083
-0.067778
-0.469777
-0.091247
-0.002087
0.105531
0.336162
0.658248
-0.298634
-1.139660
0.352355
0.718471
-0.633085
-0.813370
-0.062928
-0.117275
-0.437650
-0.664523
-0.621309
0.617739
