-0.193857
-0.383775
0.101691
-0.038824
0.403873
-0.242503
0.507226
-0.116895
0.034014
0.115782
-0.430210
0.330056
-0.252482
-0.461332
0.592793
0.114549
0.070710
-0.298017
0.496919
0.112319
0.106158
0.011494
-0.523105
-0.033275
-0.050132
-0.259183
-0.120345
-0.076542
0.294510
-0.197633
0.329996
-0.569634
-0.192365
0.736678
-0.464126
0.308161
-0.209434
0.091671
-0.295274
0.358108
0.065163
0.144986
0.489266
-0.244549
-0.070556
0.195641
0.069174
-0.458056
-0.488607
0.322160
0.328026
-0.106959
0.214630
-0.787810
0.050848
-0.370512
-0.682111
0.455950
0.509767
-0.197581
-0.301920
-0.085812
-0.029195
0.048776
-0.352676
-0.547298
0.364093
-0.053455
0.163427
0.074797
0.060676
0.190933
0.393666
0.258338
0.143395
-0.395732
0.387841
-0.142926
-0.261276
-0.349501
0.178906
-0.431549
0.503117
0.138905
-0.072866
-0.327315
-0.097839
-0.113239
-0.024915
-0.408785
-0.325705
0.125861
-0.301006
-0.147901
0.036239
0.160143
0.132564
0.219469
-0.012197
0.115154
0.737524
-0.123438
0.223553
-0.413151
0.192675
0.254261
-0.091962
-0.197648
-0.480517
0.198755
-0.595241
0.021268
-0.058979
-0.309475
-0.461213
-0.555413
0.212796
-0.078193
0.533982
0.047720
-0.064748
0.479747
-0.205118
-0.083326
0.014700
0.421428
-0.171436
0.394802
0.122376
-0.009542
-0.138497
0.318866
-0.234511
0.518086
0.214248
-0.910362
-0.335938
0.200063
0.013240
0.022201
0.327657
0.005233
-0.055751
0.143010
0.278722
-0.397120
-0.135472
0.125521
-0.129420
-0.192081
-0.294503
0.276290
0.170325
-0.129937
0.135875
0.050446
0.059091
-0.012524
0.554287
0.105272
0.140614
0.156691
0.165764
-0.360107
0.291408
-0.236947
-0.027202
0.260639
-0.110774
-0.165486
0.015603
-0.542323
0.013652
0.008912
0.318623
0.174314
0.231793
0.377412
-0.271361
-0.045081
-0.459259
0.422507
-0.010268
0.336824
0.558166
-0.028103
0.245101
-0.130166
-0.065641
0.213222
-0.206663
0.159800
