-0.052473
-0.005776
-0.033449
-0.046017
0.516704
0.314068
0.656301
-0.417812
-0.660967
0.299215
-0.275684
0.736620
-0.273297
-0.692578
0.429489
0.838166
0.173192
-0.263629
0.543868
0.998170
-0.146010
0.092536
-0.703521
-0.059314
0.027098
0.246156
0.162139
0.017317
0.150541
-0.928686
0.101995
0.077916
-0.770072
0.463720
-0.999242
0.027877
0.480726
0.007258
-0.108993
-0.166507
0.357647
0.599732
-0.348814
0.438962
-0.092771
0.083240
0.062222
-0.084227
-0.224396
0.087626
0.048234
-0.536428
0.221922
0.189909
-0.029439
-0.290724
-0.073473
0.146134
0.170767
0.155624
-0.885114
0.393222
-0.089616
-0.154400
-0.272502
-0.954507
-0.146223
-0.555967
0.757380
0.465388
0.131343
0.305686
0.074825
0.116395
0.192991
-0.476005
0.559107
0.094064
-0.316800
-0.279798
0.426981
-0.370920
0.231659
0.026910
0.543062
-0.159867
-0.406374
0.181571
0.630185
0.273818
-0.583193
-0.363582
-0.334565
0.346054
-0.526979
0.106567
-0.149977
-0.036518
-0.233089
-0.260605
-0.206233
-0.062650
0.466659
-0.017847
0.248408
-0.608745
0.165063
-0.011912
0.090542
0.721197
-0.332941
-0.642314
0.549824
-0.168284
-0.497524
-0.291792
0.348277
0.617431
0.251297
-0.251520
-0.664552
0.300930
-0.361655
0.163933
0.076446
-0.320485
0.516896
0.106942
-0.041543
-0.089020
0.510516
1.124080
-0.052361
0.346307
0.144171
-0.376621
-0.644572
-0.255598
0.436552
-0.336270
-0.831539
-0.610792
-0.257215
-0.106235
0.413360
0.093568
-0.391556
0.101155
-0.504666
-0.018415
-0.707837
0.316482
0.063016
-0.307452
0.481351
-0.316416
0.822392
-0.008812
-0.436965
0.002271
0.231308
0.296315
-0.318746
-0.059539
-0.005314
0.104451
0.584225
-0.250552
-0.276744
-0.508163
0.518295
-0.055564
-0.782459
0.450548
0.380439
-0.324610
0.552431
0.254382
-0.408859
0.295479
-0.676631
0.514440
-0.096422
-0.551919
-0.115104
0.286824
0.736791
-0.689519
0.441044
0.988958
-0.084675
-0.117231
