-0.509294
-0.460560
0.151541
-0.857618
0.001539
-0.746182
0.063443
0.376797
0.264387
-0.037731
0.427248
0.356220
-1.029890
0.026264
0.017573
-0.055052
0.321200
-0.153502
-0.094701
0.614638
0.610977
0.322095
-0.269528
-0.157536
0.161462
-0.069675
0.627975
0.120515
-0.567771
0.024907
0.495972
0.728216
0.381235
-0.239649
-0.429198
0.983740
-0.743959
0.122215
0.395613
0.604747
-0.025737
-0.441595
0.400552
-0.759977
-0.835795
-0.228534
0.446944
-0.594924
0.308806
0.229894
-0.396969
0.306907
-0.651506
0.314307
-0.533529
0.758549
-0.364982
0.263195
0.571805
-0.876589
0.248433
-0.109823
0.345197
-0.191961
-0.196159
-0.348955
0.114555
0.577785
0.177974
-0.248174
0.459288
0.531645
0.547491
-0.057227
0.527826
-0.061428
0.079636
1.152280
-0.238182
-0.051086
0.878266
-0.286311
0.387785
0.553338
-0.236268
-0.291380
-0.451838
-0.134756
-0.274954
-0.315133
0.049582
-0.310389
0.143603
0.445642
-0.044961
-0.119992
-0.339049
-0.079964
0.223550
0.465420
0.595049
0.346425
0.513710
-0.032374
-0.078296
0.937068
-0.059230
-0.169927
0.117552
-0.160615
-0.014644
0.389722
0.103445
-0.061067
0.029104
0.202674
-0.349854
0.175330
0.466335
0.263892
0.231836
-0.433986
-0.110316
0.434960
0.136149
-0.312796
-0.544427
-0.207743
-0.359150
-0.088041
-0.289170
-0.205633
0.115407
0.319202
-0.694537
-0.531215
0.149902
0.012206
-0.185780
0.546763
0.673651
0.432654
-0.637408
-0.077702
-0.133466
-0.417843
0.088542
-0.071772
-0.320936
-0.019927
-0.664210
0.138600
-0.508026
-0.281378
0.223794
0.565323
-0.121000
-0.130024
-0.273471
-1.125290
0.603829
-0.431660
-0.068090
-0.895915
0.595338
0.012150
-0.686829
0.400522
-0.030603
-0.297971
-0.333843
-0.269068
0.186829
-0.268876
0.593851
-0.047831
-0.518626
-0.291793
0.007342
-0.078152
0.665486
-0.064271
-0.648313
0.258421
0.286405
0.125136
0.168899
-0.248785
-0.262137
0.477258
-0.515291
-0.152245
