-0.047480
-0.575121
-0.160625
0.199211
-0.034920
-0.034256
0.249473
0.232470
-0.400569
-0.108326
-0.248798
0.442918
-0.381457
-0.409518
0.439556
0.435139
0.364250
-0.302528
0.256420
0.607658
0.270451
-0.252539
-0.184948
0.428141
-0.144621
0.209095
0.359042
-0.168393
0.133859
-0.046853
-0.022724
0.320242
0.037942
-0.147229
-0.059651
0.398887
-0.620492
-0.167146
0.775277
0.006222
-0.115039
-0.030785
0.233345
-0.275100
-0.029521
-0.217936
-0.021092
-0.101313
-0.449976
0.779704
0.126883
-0.149072
-0.243437
0.047157
0.875403
-0.211447
-0.560233
0.646665
-0.380723
-0.061251
0.106776
-0.336515
0.056550
0.161947
-0.654391
-0.234368
-0.196192
0.475139
-0.046216
-0.042984
0.052241
-0.285475
-0.164146
0.394550
0.388479
0.022630
0.088134
0.327065
-0.506602
0.189060
0.215849
-0.536745
0.622774
0.056723
0.303903
0.100425
0.190561
-0.303780
0.278687
0.350590
-0.107447
-0.163317
0.040067
-0.050766
0.113695
-0.580322
-0.051223
0.140897
0.155325
0.041242
-0.345303
-0.145610
0.072033
0.142610
0.038129
-0.029732
-0.100482
0.013859
0.717593
-0.020037
-0.565609
0.338356
0.000850
-0.004679
-0.201407
-0.651549
-0.468640
0.065654
-0.027457
-0.136915
0.158979
0.336765
-0.633097
0.100332
-0.122392
-0.349011
0.359643
-0.293569
-0.032625
-0.037268
-0.205814
0.054367
0.138175
0.184430
-0.207825
-0.307822
0.106665
0.011446
-0.194941
-0.103753
0.124674
-0.133543
-0.193724
0.232949
-0.102225
0.146632
0.005962
-0.449137
0.105617
0.301516
-0.229887
0.214687
0.169173
-0.388550
0.056311
0.323679
0.261867
-0.111602
-0.098643
-0.110522
0.404810
0.215657
-0.150667
-0.083959
-0.084703
-0.265047
0.232556
0.037753
-0.311040
-0.066639
0.339729
0.095067
-0.201317
-0.036482
0.753040
-0.132896
0.056097
0.493323
-0.530635
-0.656751
0.001074
0.505034
-0.461420
-0.289738
-0.370309
-0.036342
0.750193
-0.154540
0.003316
0.027955
0.257292
-0.243105
