0.633505
0.482891
0.007670
0.801129
0.154857
0.428048
-0.255358
-0.680169
-0.148570
0.861114
-0.522346
-0.425959
0.772639
-0.454887
0.266745
-0.266440
-0.066615
-0.149354
0.512261
0.178362
-0.660514
-0.346828
1.047950
-0.415006
-0.416371
-0.262588
-0.232578
0.073589
1.088680
-0.348792
0.638754
-0.701586
-0.453976
0.834547
-0.817545
-0.679937
0.264525
-0.156875
-0.644403
-0.564552
-0.249296
0.613405
0.010708
0.687453
0.583440
0.790427
-0.004793
0.557775
-0.499129
0.452148
0.080160
-0.697408
-0.039700
-0.534788
-0.206302
-0.676711
0.265830
-0.572966
-0.901802
0.479572
-0.080184
0.513841
-1.004490
-0.555510
0.707706
-0.296701
-0.537722
-0.622229
1.117480
0.325551
-0.323435
-0.041640
-0.380474
0.019677
0.091861
-0.556562
-0.232432
-0.305425
0.639154
-0.348635
-0.738735
-0.531202
-1.042540
-0.427385
0.216566
0.261074
-0.422008
-0.334965
1.089490
1.121240
0.126505
0.552379
-0.773328
0.321543
-0.675593
0.310055
-0.021261
0.320896
-0.362591
-0.992197
-0.097038
-0.151283
0.332349
0.137399
-0.325588
-0.747608
0.640647
0.701160
-0.636950
-0.819447
-0.117777
0.060242
-0.031256
-0.103336
0.666751
-0.576899
0.218962
0.072343
0.235664
-0.403389
-0.896111
0.141455
0.483110
-0.276945
0.424769
0.482591
0.299967
0.203651
0.889124
-0.556940
0.707183
1.020180
-0.575967
-0.240511
0.542991
-0.363200
0.314637
0.028373
0.549065
-0.756830
-1.361770
-0.528198
0.838540
-0.819105
-0.268147
-0.042412
-0.251471
0.907931
-0.554095
-0.049192
0.410147
-0.495071
0.415575
0.704067
0.769792
-0.907014
1.249300
-0.375918
0.021353
0.085105
-0.985559
-0.077697
-0.015450
0.471475
-0.102071
0.158563
1.519040
-0.599286
-0.106311
-0.081712
1.360490
0.061449
-0.546945
0.647273
-0.029058
-0.244740
0.203709
-0.178695
0.683287
1.041640
-0.552674
0.091855
0.201653
-0.378550
-0.408236
-0.342089
0.019301
0.518834
-0.211104
0.527132
-0.219180
0.706886
