-0.274536
-0.543889
-0.020828
-0.012482
-0.065741
-0.243393
0.151352
0.396094
-0.482141
-0.473234
-0.158655
0.442907
-0.334515
-0.370103
0.060312
0.338958
0.069642
-0.350763
0.255139
0.608640
0.499279
-0.011236
-0.347495
0.187839
-0.088152
0.230624
0.364905
0.032129
-0.412415
-0.083343
0.133845
0.681920
0.260846
-0.492620
0.197242
0.651671
-0.879211
-0.478399
0.936144
-0.111613
-0.274796
-0.465150
0.278169
-0.448032
-0.449426
-0.594153
0.098520
-0.189437
0.090569
0.847094
0.056128
0.051528
-0.539926
0.479307
0.915439
0.270795
-0.501853
0.545403
-0.412626
-0.382142
0.367354
-0.393038
0.303282
0.140685
-0.545986
-0.002476
-0.185556
0.703601
-0.439759
-0.269916
0.343255
-0.377277
0.001007
0.144820
0.463458
0.308894
-0.103681
0.478736
-0.578500
0.074517
0.294996
-0.288536
0.648303
0.196746
0.275041
0.182180
-0.038380
-0.103244
-0.066299
-0.017160
-0.010691
-0.578696
0.038694
0.089707
0.460515
-0.757556
-0.105036
0.135015
0.634567
0.622247
-0.663162
-0.042784
0.126502
0.310854
-0.141316
-0.079326
0.169743
-0.051842
0.993314
0.021846
-0.182766
0.300406
0.212319
0.116863
-0.383909
-0.319782
-0.635847
0.109001
0.055112
-0.015189
0.196527
0.152761
-0.556663
0.188322
0.086930
-0.238578
0.130010
-0.588465
-0.208252
-0.058674
-0.265331
-0.258026
0.377763
0.148258
-0.308005
-0.091830
0.403377
-0.012287
-0.160802
-0.003236
0.621851
0.095660
-0.577694
0.551141
-0.098458
0.210858
0.113124
-0.826537
0.197810
0.497787
-0.337838
0.071628
0.121586
-0.565529
-0.039388
0.885617
0.005213
-0.351211
-0.286524
-0.436859
0.961054
0.071783
-0.237493
-0.529893
-0.083774
-0.303611
-0.123972
0.109857
-0.294621
-0.146056
-0.034403
0.033539
-0.061063
0.005887
0.700831
-0.128063
-0.239242
0.196661
-0.189062
-0.886265
0.408004
0.538611
-0.579802
-0.333338
-0.212978
0.473177
0.552791
-0.000028
0.153065
0.010045
0.305224
-0.508907
