-0.854190
-0.101739
-0.096152
-0.480793
0.014481
-0.797415
-0.238766
0.233617
0.627035
0.111609
-0.322393
0.096349
0.034267
0.491506
0.582052
0.544794
0.076987
-0.198028
0.357230
-0.536061
0.772895
0.202688
-0.861249
0.051467
-0.037572
0.231616
-0.803636
0.242055
-0.373968
-0.280048
-0.053904
-0.240707
0.186180
0.062853
0.161869
0.902607
-0.326096
-0.050507
-0.044164
0.282468
0.310538
-0.053907
-0.052277
-0.048623
-0.359310
-0.126979
0.601369
-0.255022
-0.251152
-0.125420
0.236159
0.313566
0.233706
0.512167
-0.599138
0.631443
-0.222327
-0.022498
0.521209
-0.459068
-0.046940
-0.224082
0.306596
0.377965
-0.009288
0.229029
0.371708
0.570142
-0.359688
-0.241402
-0.075597
0.471091
0.256716
0.596635
0.178178
0.224749
-0.097561
-0.271038
-0.276856
-0.513540
0.153671
0.842309
0.213910
0.184071
0.074228
-0.717302
-0.053233
-0.023111
-0.688484
-0.831085
0.128055
-0.214923
0.267268
-0.556616
0.690798
-0.080974
0.113543
-0.131157
0.018084
1.039500
0.021003
-0.355994
-0.336325
-0.510656
-0.468494
0.298816
-0.311299
-0.078351
0.333901
0.133421
0.108119
0.636780
-0.000841
0.128381
0.041788
0.308739
0.047558
-0.296588
0.562156
0.853889
-0.309130
0.220315
0.199110
0.426533
0.160223
-0.174024
-0.650099
0.670685
0.096029
-0.338870
-0.098432
-0.547019
-0.344301
0.455127
0.087703
-0.027149
-0.353279
0.115724
-0.332451
0.070880
0.481111
0.302289
0.015667
0.173299
0.007538
-0.354051
-0.137014
-0.186139
0.336779
-0.111990
0.399220
-0.215393
-0.106011
0.200654
-0.894175
0.208453
-0.403037
-0.286087
0.398761
0.342961
-0.371890
-0.155303
0.185133
-0.701182
-0.096659
-0.262133
-0.529271
0.261758
-0.389814
-0.215974
-0.851692
-0.523606
0.672355
-0.071256
-0.347780
0.360362
-0.092884
0.024958
-0.373730
-0.574076
-0.070163
0.501139
0.151779
0.232249
0.513509
0.175559
0.035910
0.016223
0.162466
-0.043160
-0.049549
-0.438738
