-0.257295
-0.283574
-0.539522
-0.788295
0.058402
-0.585580
0.007402
0.482944
-0.240544
-0.353981
0.038048
0.086121
-0.697547
-0.403012
-0.214506
0.866452
-0.368533
-0.565621
0.074224
-0.057776
0.424684
-0.048125
-0.219752
-0.081998
-0.134432
0.438772
0.644993
0.130000
-0.662612
-0.498500
-0.352600
0.839596
0.371784
-0.509244
0.116324
0.855997
-1.192060
0.134444
1.281580
0.232509
-0.386882
-0.529165
0.411624
-0.093539
-0.802953
-0.288289
0.346789
-0.577750
0.399334
-0.008065
-0.190712
0.317901
-0.543155
0.969921
0.463382
0.608889
-0.541687
0.744921
-0.500969
-0.798025
0.534551
-0.564084
0.243404
0.435136
-0.686270
0.215598
0.041361
1.008960
-0.247801
-0.041323
0.239800
-0.707703
0.008541
-0.041746
0.599835
0.308295
-0.375712
0.489292
-0.427588
0.157307
0.477631
0.173827
0.563144
0.190389
-0.095777
0.011218
-0.710983
-0.017169
-0.317740
-0.567182
0.268302
-0.961910
0.386518
0.321968
0.049190
-0.821111
-0.116627
0.165013
0.910206
0.901195
-0.048907
0.037498
0.355991
0.236993
-0.365248
0.239892
-0.066209
0.023004
1.067210
-0.087265
0.143755
0.603024
0.002752
0.469921
-0.227885
0.018736
-0.586997
-0.043987
0.374121
0.482246
-0.166296
-0.066877
-0.195584
0.192786
0.439272
-0.248438
-0.323980
-0.322850
-0.500422
-0.233054
-0.805493
-0.088515
0.255995
0.359176
-0.509480
0.125981
0.606190
0.447306
-0.085829
0.355855
1.024960
0.289592
-0.241298
0.423089
-0.095421
0.038262
0.412776
-0.836509
0.049344
0.628282
-0.341494
-0.276173
0.047254
-0.452096
-0.261925
1.053610
-0.525984
-0.014969
-0.262891
-0.881541
0.984794
-0.292231
-0.592664
-0.700959
0.788460
-0.030826
-0.581536
0.515658
-0.348889
-0.270783
-0.502559
-0.236440
0.573034
-0.175391
0.897103
0.191420
-0.425108
-0.387434
-0.260505
-0.955576
0.590991
0.330042
-0.628141
-0.669355
-0.002688
0.382956
0.365146
0.464508
0.233414
0.175396
0.200428
-0.304216
