-0.093471
-0.773414
0.128824
-0.267906
-0.175312
-0.229162
0.020574
0.435913
0.141743
-0.320028
0.197216
0.066859
-0.672207
0.342432
-0.262561
-0.405195
0.096932
-0.290179
0.158228
0.613530
0.286675
0.175944
-0.515028
0.378459
0.391619
-0.250268
0.061460
-0.194073
-0.376631
0.690593
0.331949
0.012875
0.159775
0.304863
-0.354110
0.452426
-0.456381
0.184452
-0.100610
1.231840
-0.456669
-0.525915
0.976139
-1.298930
-0.168412
-0.307515
0.238232
-1.095510
-0.172890
0.284167
-0.525497
-0.011263
-0.155623
-0.851169
-0.268528
-0.088402
-0.565683
0.624931
0.779938
-0.258702
0.350900
-0.600413
0.118191
0.207099
-0.696702
-0.094485
0.159888
0.560785
-0.308937
-0.474304
0.253161
0.312343
0.451190
0.287783
-0.310636
0.041583
0.429169
0.463417
-0.336447
-0.451339
0.406665
-0.170884
0.633694
0.238573
-0.178263
-0.448188
-0.259389
-0.014828
-0.483435
-0.184668
-0.028243
0.099494
-0.022541
-0.134135
-0.083279
-0.034530
0.085415
0.107029
0.301677
0.257742
0.632212
0.624370
0.002821
0.121275
0.128576
0.905772
-0.266188
0.037314
-0.088799
-0.007797
-0.435896
0.029238
0.039341
-0.080383
0.187378
0.091890
-0.383501
-0.108411
0.054364
0.395653
0.509613
0.068498
-0.002904
0.324174
-0.399564
0.000868
-0.698612
0.025683
0.057247
0.270704
-0.162862
-0.646188
-0.166609
0.003017
-0.131241
-0.554670
-0.083408
0.241558
-0.282126
0.314948
0.968371
-0.079688
-0.018314
0.190842
-0.164539
0.109368
0.106044
-0.447002
0.316312
-0.078096
-0.423362
0.500240
-0.127955
-0.305581
-0.286149
0.376466
-0.065103
0.110648
0.495871
-0.421642
0.070234
-0.031148
0.049318
-0.197020
0.443117
-0.699090
-0.294316
0.567933
-0.083029
0.422953
-0.173354
-0.126603
0.461806
-0.250503
0.075022
0.064117
-0.091593
0.097303
-0.100639
-0.189201
0.386958
0.241757
-0.250888
0.684404
0.103924
0.211164
0.194326
-0.237367
-0.286997
-0.265513
-0.048024
0.195366
