0.123683
-0.051952
0.401456
0.445215
0.522595
0.574095
0.396181
0.098318
-0.818585
-0.586951
-0.207827
0.446252
0.138071
-0.641557
0.085644
-0.164134
-0.159803
-0.134588
0.351017
0.936361
-0.066324
-0.223857
-0.209354
0.027371
-0.125849
-0.142097
0.515304
-0.039199
0.023462
-0.105591
0.209344
0.070538
-0.196842
0.135859
-0.067202
-0.112238
-0.150509
-0.608218
0.454776
-0.237399
0.111621
-0.006924
0.104151
-0.076668
0.282789
-0.446299
-0.088100
0.218621
-0.147960
1.000070
0.209936
-0.336092
-0.119599
-0.194696
1.011180
-0.292061
-0.107594
0.189398
-0.367879
0.427273
-0.250336
0.288525
0.172222
-0.222211
-0.340960
-0.035609
-0.360951
0.088322
0.148742
-0.019881
0.573293
-0.221471
-0.109957
-0.173167
0.394087
0.084127
0.136973
-0.105750
-0.490675
0.003137
-0.034884
-0.662784
0.617145
-0.023831
0.294256
0.413889
0.137616
0.053459
0.252330
0.458623
-0.224607
-0.144818
-0.283976
0.198882
0.201789
0.044126
0.344935
0.112659
0.487871
0.193502
-0.581418
-0.187415
0.039396
0.314527
-0.116474
-0.615484
0.331290
-0.157109
0.184033
0.452956
-0.644678
-0.438214
0.202551
-0.429193
-0.574920
-1.009540
-0.470942
0.084636
-0.046773
-0.590646
0.355406
0.534410
-0.652296
-0.278925
-0.185763
0.377058
0.332479
-0.505243
-0.231440
0.166237
0.147975
0.098097
0.338692
0.099526
0.200466
0.030599
-0.033695
-0.169957
0.554405
-0.717460
0.056998
-0.274639
-0.339246
0.280703
0.205731
0.133836
-0.483447
-0.384648
-0.051281
0.077609
-0.193332
0.114371
0.314210
-0.408322
0.144771
0.409368
0.557386
-0.526017
-0.127483
0.247467
0.576696
0.294616
-0.107401
-0.167132
-0.383483
-0.272460
0.439518
-0.197165
-0.012807
-0.160311
-0.090269
0.173507
-0.668213
0.036240
0.437481
-0.306463
0.013321
0.633046
-0.175481
-0.583858
-0.237506
0.574093
-0.328512
-0.350844
-0.329763
0.433430
0.356861
-0.143196
0.280515
-0.021466
0.120706
-0.066166
