0.421970
0.582439
-0.050761
-0.366466
0.523988
0.639582
0.653161
-1.045990
-0.498639
0.252912
-0.333889
0.239134
-0.319810
-0.493368
0.016418
-0.056896
-0.059200
-0.257556
0.263319
0.594582
-0.945554
0.341054
-0.378966
-0.152364
-0.178540
-0.174766
0.349441
0.409146
0.458804
-0.435834
0.155765
-0.331336
-0.373720
1.032240
-0.954079
-0.450028
0.461871
-0.027121
-0.692846
-0.073167
-0.027472
1.456140
-0.127660
0.603424
0.602338
0.721299
0.444025
0.268251
-0.515089
-0.272271
-0.379587
-1.041590
0.490533
-0.172374
-0.221540
-0.173780
0.289584
-0.214466
0.045722
0.774678
-0.692593
0.579480
-0.263922
-0.537685
0.072378
-0.327444
0.151946
-0.443710
0.808547
0.328143
-0.227644
0.290676
-0.173887
0.192737
-0.308590
-0.505979
0.328694
-0.219823
-0.319874
-0.204242
0.059304
-0.593265
0.278517
-0.929327
0.399705
0.026197
-0.718885
0.343727
0.280181
0.639266
-0.019498
0.143479
-0.282041
-0.177669
-0.901524
0.458227
0.114716
0.326913
-0.777049
-0.476245
0.434326
0.359466
1.087840
-0.233103
-0.510636
-1.027460
0.019057
0.319618
-0.238300
0.221072
-0.437983
-0.635322
0.026771
-0.595446
-0.136012
-0.019564
0.405052
0.521530
0.159021
-0.022229
-0.722909
-0.319909
0.312441
0.454952
-0.117794
0.287078
-0.302492
0.368000
0.063417
-0.465266
1.049760
1.245900
-0.346883
-0.259054
0.630089
-0.844970
-0.297026
0.045839
0.003162
-0.178811
-0.745721
-0.542726
0.189433
-0.718393
0.280723
0.315456
-0.416593
0.311239
-0.938628
-0.114046
0.277625
-0.245484
-0.147542
0.446815
0.371799
-0.620140
1.244970
-0.151733
0.142921
0.194692
-0.447137
0.393345
0.216654
0.359402
-0.064889
-0.024954
0.625015
-0.536457
-0.231175
0.105806
0.805270
-0.026658
-0.923307
0.477768
-0.077257
0.100397
-0.012925
-0.251339
0.948050
0.604681
-0.281573
0.062403
0.062471
-0.201846
-0.577934
-0.165168
0.944080
-0.304378
-0.177559
0.933802
-0.264645
0.475122
