-0.378625
-0.202802
-0.075714
-0.787534
0.354272
-0.305276
-0.207795
0.243886
0.453966
-0.175144
-0.289772
-0.146609
-0.209508
-0.712118
-0.258253
0.359395
-0.976690
-0.652715
0.419082
-0.198395
0.617301
0.150143
-0.157338
-0.401052
-0.144452
-0.156863
0.249573
-0.161617
-0.262377
-0.144540
0.914873
0.005529
-0.034777
0.403020
-0.683106
0.899741
-0.969365
0.433495
0.156175
0.413483
-0.327061
-0.627955
0.542607
-0.368883
-0.836265
-0.251525
0.545399
-0.488379
0.053735
0.324932
0.291054
0.407828
-0.332056
0.485913
-0.151234
0.780876
-0.419130
0.194658
0.495502
-0.617063
0.135376
-0.047253
0.216162
0.134454
-0.133138
0.083628
-0.273238
0.824754
0.360904
-0.079379
0.471176
-0.028699
-0.076196
0.128175
0.700710
0.026792
-0.061686
0.000514
0.057205
-0.576163
0.263492
0.590221
0.107320
0.329576
-0.234547
-0.131532
-1.102450
-0.131381
0.095470
-0.703523
-0.294326
-0.849698
-0.221223
0.457080
0.122886
-0.188979
0.221019
0.016230
0.995187
1.360630
-0.167621
-0.122612
0.457743
-0.131061
-0.337489
0.239558
0.292812
0.224877
0.361807
-0.191192
0.227094
0.128621
0.488550
0.147145
-0.760412
-0.257011
-0.193536
-0.234118
0.867167
0.208644
-0.313250
0.213923
0.130550
-0.049203
0.552356
0.292449
-0.434495
-0.170739
-0.255760
0.022070
-0.676660
-0.106287
-0.069992
0.561902
-0.171655
-0.013485
0.105162
0.451048
0.212071
-0.045848
0.430110
0.538861
-0.460799
0.346890
0.009402
-0.338453
0.159694
-0.453874
0.223877
0.230897
-0.085968
-0.116186
0.001978
-0.186925
-0.708138
0.538572
0.125123
-0.405389
0.200340
-0.625424
0.768370
-0.631716
-0.328253
-1.239490
0.445497
0.078640
-0.510770
0.069358
-0.321299
-0.447535
-0.776121
-0.761048
0.540139
0.041595
0.523242
0.313485
-0.242832
-0.416634
0.138085
-0.454919
0.218100
0.815703
-0.474329
-0.441445
0.734961
0.958125
-0.337749
0.436865
0.263273
0.602600
0.330563
-0.452171
