-0.702268
0.284284
-0.004096
-0.792512
0.459643
-0.359191
0.307817
-0.278028
0.070633
-0.260120
-0.293130
0.455540
-0.217667
-0.127403
0.272278
0.644905
-0.178814
-0.141185
0.188254
-0.003674
0.610603
0.290255
-0.792657
-0.371949
-0.359221
0.501208
0.166036
0.406985
-0.412246
-0.879926
0.120877
0.181216
0.230224
-0.172073
-0.237721
0.743119
-0.418838
-0.320060
0.286992
-0.121827
0.331303
0.256218
-0.306358
0.458101
-0.649538
-0.237314
0.579035
0.243678
0.213610
0.030497
0.228762
0.230313
-0.036418
1.348810
-0.284203
0.857962
0.107966
-0.155828
0.031540
-0.496655
-0.351466
0.339425
0.410287
-0.003979
0.154473
-0.004573
0.171936
0.379924
0.037648
0.017372
0.233555
-0.000885
0.152244
0.112292
0.538124
0.074552
-0.166816
0.018631
-0.449094
0.009169
0.390235
0.319369
0.367968
0.052900
0.173605
-0.268067
-0.456871
0.325854
-0.243699
-0.564879
-0.163489
-0.713049
0.231852
0.006944
0.498267
-0.270236
0.026849
0.060083
0.282806
1.059230
-0.181509
-0.377163
0.449214
-0.255295
-0.766566
-0.609335
-0.021355
-0.059451
0.837284
0.326787
0.286378
0.404981
0.208587
-0.274837
-0.548245
0.044520
-0.139885
0.176394
0.767744
0.424200
-0.428573
-0.204433
-0.104483
0.613270
0.451874
-0.142211
-0.501620
0.094524
-0.466513
-0.751907
0.030273
0.224796
0.155793
0.451590
0.069218
-0.136791
0.081755
-0.156480
0.013451
0.138738
0.233496
0.410100
-0.743986
0.201541
0.257737
-0.316865
-0.023011
-0.271838
-0.146760
0.346667
0.154928
-0.558525
-0.208135
-0.132131
-0.416164
0.597989
-0.150651
-0.673850
-0.154139
-0.052732
0.779738
-0.069521
0.062216
-1.092760
-0.109037
0.124655
-0.730106
-0.202276
-0.239801
-0.562294
-0.664896
-0.440537
-0.160631
0.100401
0.211426
0.372765
-0.472268
-0.187482
0.135563
-0.651789
0.086743
0.535568
-0.392838
-0.387508
0.171580
0.427543
0.479850
-0.156992
0.394848
0.666390
-0.168247
-0.654938
