-0.285945
-0.660837
0.183040
0.007551
-0.043379
-0.401084
-0.193808
0.824823
0.597122
-0.130176
-0.011381
-0.080752
-0.093872
-0.106406
0.141266
0.053637
-0.264526
0.005836
0.191631
-0.572229
0.680061
-0.238630
0.128697
0.095682
0.082753
-0.105472
-0.154492
-0.444600
-0.125757
0.419179
0.018189
-0.149941
0.297750
-0.216260
0.549259
0.665401
-0.670816
0.352847
0.402299
0.177175
-0.152181
-0.957801
0.643017
-0.570150
-0.533188
-0.365599
-0.214764
-0.715661
0.121445
0.334794
0.675762
0.693534
-0.218527
-0.506788
0.182763
-0.093381
-0.664969
0.577269
0.492975
-0.692182
0.485712
-0.559254
0.244003
0.450988
-0.307269
0.058810
0.127925
0.369810
-0.469540
-0.316749
0.294770
-0.125614
0.286963
0.055339
0.418244
-0.046262
0.146624
0.081402
0.226858
-0.097993
0.181520
0.241839
0.188838
0.962237
-0.666201
-0.008381
0.282189
-0.299885
-0.075095
-0.925421
-0.271517
-0.025823
0.015587
0.109399
0.656920
-0.116459
0.111917
-0.144942
0.643028
0.498391
0.314292
-0.296393
-0.417674
-0.175367
0.465161
1.076550
0.016676
-0.521469
-0.339627
-0.224096
-0.095038
0.309522
-0.226537
0.302872
-0.232076
-0.226290
-0.236993
-0.338979
0.130966
0.052195
0.450206
0.380755
-0.304933
-0.524460
0.191376
0.173148
0.047386
-0.045571
-0.095814
0.688357
-1.206240
-0.770648
0.165947
0.446030
-0.493337
0.055940
0.026638
0.156813
0.101983
0.151561
0.950907
0.502433
-0.111907
0.574373
0.132753
-0.576503
0.284749
-0.196661
0.434861
-0.161154
-0.535040
0.310526
0.196092
-0.270917
-0.143321
0.387105
-0.947834
0.230673
0.189799
-0.378164
0.532061
-0.495313
-0.155080
-0.560141
0.517182
0.033458
-0.629860
0.610331
0.316062
-0.269019
-0.702300
-0.379614
0.853091
-0.436748
0.402300
0.014951
0.027299
0.097295
-0.774987
-0.449632
0.135122
-0.064604
-0.178156
0.452061
0.929528
0.096995
-0.792354
0.324055
-0.153062
-0.507526
0.058398
-0.300499
