-0.186479
0.394739
-0.282681
-0.374715
0.102036
-0.545305
0.217866
-0.304972
0.412970
-0.137131
0.160132
-0.012313
-0.258481
0.196336
-0.006444
0.352065
0.352681
0.051523
-0.319543
-0.819810
0.015825
-0.115457
-0.473569
0.190528
0.004819
0.007986
-0.203292
-0.028436
0.091193
-0.138000
-0.235589
-0.170500
0.046797
-0.274103
-0.059762
-0.135193
0.003379
0.156615
-0.291418
0.570064
0.477565
0.044852
-0.188601
-0.035545
-0.255927
0.412370
-0.249370
-0.010342
-0.144805
-0.440441
0.168945
0.612093
0.197093
0.039862
-0.034155
0.058099
-0.154008
-0.114135
0.193821
-0.180717
-0.237678
0.048825
0.029499
0.269926
-0.277154
-0.027539
0.500773
-0.042824
-0.505098
0.422231
-0.552108
-0.113219
0.167124
0.031622
-0.321078
0.236046
-0.084395
-0.388522
-0.163961
0.353327
-0.248647
0.024812
0.204123
-0.300173
0.094396
-0.565575
0.538744
0.180882
-0.375892
-0.601790
-0.009544
-0.013345
0.636464
-0.239248
0.036765
0.193471
0.311885
0.270041
-0.061394
0.211133
0.693903
-0.236822
-0.449270
-0.473038
-0.005910
0.095147
-0.648724
-0.119865
0.052765
0.357423
0.224272
0.590581
-0.357531
-0.159553
-0.223123
-0.097114
0.425246
-0.508380
0.341731
0.360650
0.146225
0.059648
0.075523
0.098746
-0.112826
-0.067584
-0.352773
0.548253
-0.108432
-0.459897
-0.081271
-0.104398
-0.391924
0.307868
0.220777
-0.127086
-0.099904
0.078505
-0.594719
0.581581
0.516917
0.394829
0.031536
0.469900
0.234322
-0.151401
0.332840
0.082458
0.385043
0.116043
0.313234
0.027668
-0.031726
-0.354168
-0.471443
0.143328
-0.773999
-0.020571
0.654532
0.604704
0.328245
0.314498
0.311244
-0.184992
0.096358
-0.086126
-0.776677
0.299229
-0.115510
0.289726
-0.426731
-0.208099
0.244208
-0.316589
-0.069399
0.540910
-0.016059
0.166282
-0.417143
-0.272742
-0.278972
0.196987
0.235520
0.078226
0.376011
-0.432067
0.287206
-0.173740
0.126384
0.007673
-0.112100
0.021579
