0.398528
-0.379094
-0.397122
0.447994
-0.077465
0.296731
0.255025
-0.133533
-0.011059
0.660327
-0.236582
0.103847
-0.273067
-0.175961
0.805638
0.350577
0.701497
-0.031802
0.074347
0.163842
-0.324145
-0.503055
0.281647
0.630389
-0.109994
0.060008
0.082845
-0.433017
0.977016
0.104462
-0.343402
-0.458945
-0.322959
0.502546
-0.381288
-0.260779
0.211737
0.531782
0.055909
0.152283
0.163498
0.722955
0.013376
0.157816
0.705231
0.593071
-0.244068
0.070344
-1.087970
0.130392
0.109999
-0.392869
0.409674
-0.748067
0.322961
-0.896823
-0.398374
0.508893
-0.108098
0.460840
-0.298215
-0.164378
-0.429583
0.118837
-0.437073
-0.539310
-0.030029
-0.189707
0.539837
0.354888
-0.575663
0.060796
-0.364740
0.634247
-0.025982
-0.484448
0.351249
-0.074269
-0.015160
0.318342
-0.050806
-0.604725
0.163797
-0.227643
0.142739
-0.086041
0.484188
-0.484640
0.707278
0.790320
-0.150456
0.690191
0.000714
-0.286142
-0.559698
-0.031975
-0.028921
0.037431
-0.851412
-1.140390
0.421891
-0.177938
-0.051474
-0.244427
0.414320
0.146826
-0.543706
0.117093
-0.182895
-0.155594
-0.808151
0.177783
-0.410214
-0.104513
0.304821
-0.660171
0.112286
-0.004128
-0.255559
-0.180515
0.011147
0.347712
-0.349560
-0.084041
-0.407515
-0.381943
0.573064
0.408880
0.347826
0.048343
0.011967
0.559972
-0.345952
0.066272
0.054585
-0.532318
-0.412274
0.075320
-0.285353
-0.123604
-0.807292
-0.422392
0.607059
-0.476472
-0.134712
-0.024246
-0.089551
0.460094
-0.183657
-0.198020
0.086549
0.338827
0.154949
0.227375
0.254795
-0.884307
0.498270
0.491240
0.242180
0.434470
-0.868562
0.316931
0.066854
0.849503
0.005157
-0.018616
0.716472
-0.065641
-0.131790
0.150851
0.927858
0.167269
-0.250804
-0.054667
0.388492
-0.043823
0.563839
0.589573
-0.764198
0.210000
-0.615041
0.024964
0.067654
-0.017050
-0.455634
-0.950637
0.611663
-0.303583
-0.326787
-0.043717
0.041848
0.386262
