0.755154
0.324520
0.039521
0.845124
-0.573778
0.731683
0.327602
-0.622897
-0.361904
-0.013182
0.520878
0.276915
-0.057793
0.762703
0.149996
-0.527219
0.903439
0.888901
-0.854752
0.001537
-0.661998
-0.130742
-0.280477
0.498376
0.292964
0.190858
0.034993
-0.237255
0.371518
0.279923
-0.705686
0.136876
-0.469960
-0.556290
0.497218
-0.915708
1.183220
-0.174748
-0.405138
-0.172974
0.181758
0.603024
-0.702854
0.394759
0.459806
0.408227
-0.611528
0.291260
0.118762
-0.393622
0.009293
-0.305509
0.464217
-0.485921
0.066219
-0.782201
0.591034
-0.478276
-0.363157
0.849500
-0.291232
0.317314
-0.352355
0.291221
0.171448
-0.151254
0.264112
-1.044390
-0.305866
0.393307
-0.782573
-0.038553
-0.031183
0.164257
-1.023000
-0.048364
0.484520
-0.221945
-0.148372
0.740418
-0.160646
-0.355802
-0.125223
-0.507260
0.490073
0.115065
1.292240
-0.074714
0.453970
0.686326
-0.312095
0.489174
0.682335
-0.315865
-0.256761
0.262148
-0.285453
0.105352
-0.807902
-0.946593
0.211921
0.149942
-0.382153
0.088633
0.609325
-0.426467
-0.347932
-0.393386
-0.336453
0.165546
-0.294934
-0.279499
-0.438609
-0.350742
0.233268
-0.034918
0.450799
0.440603
-0.862047
-0.819570
0.140718
-0.175645
-0.255530
-0.128502
-0.656420
-0.334449
1.094210
0.127514
0.079371
0.439008
0.420838
-0.039242
-0.173628
-0.718603
0.100578
-0.077619
-0.412567
-0.525248
-0.291297
0.125109
-0.630870
-0.848570
0.265955
0.123911
0.485379
0.447740
-0.047362
0.303257
-0.207089
-0.074471
0.094934
0.435728
0.068688
-0.092688
0.618021
-0.569351
-0.050057
0.492147
-0.080198
0.504912
-0.202888
0.926193
0.217781
1.080920
-0.395056
0.081764
0.281722
-0.220846
0.090238
0.465180
0.494514
0.753754
-0.728254
-0.137358
-0.483074
-0.552461
0.437610
0.414335
-0.291044
0.268782
-0.056560
-0.355681
0.312112
0.092170
-0.345339
-0.654987
0.420049
-0.649406
-0.261813
-0.063595
-0.028516
0.305732
