0.245125
0.569291
0.172609
0.171152
0.467423
0.146891
-0.248371
-0.316684
0.130712
0.452083
-0.386889
-0.292983
0.438809
-0.557907
0.035885
-0.041397
-0.286131
-0.264532
0.644596
-0.066567
-0.363227
-0.288472
0.831964
-0.250437
-0.385066
-0.351625
-0.201223
0.125127
0.755451
-0.132095
0.564859
-0.365854
0.048388
0.601933
-0.493844
-0.168075
-0.221370
-0.045175
-0.468735
-0.499925
-0.206138
0.349492
0.248264
0.351032
0.312278
0.588653
0.159436
0.268083
-0.360304
0.449391
0.371912
-0.436232
-0.089619
-0.377151
-0.042381
-0.210936
0.056852
-0.359149
-0.463575
0.107216
0.117437
0.248640
-0.511410
-0.588901
0.340889
0.062184
-0.335880
-0.199615
0.707146
0.082984
-0.122337
0.091371
-0.195713
-0.017564
0.276794
-0.371342
-0.229084
-0.198192
0.494482
-0.423544
-0.570010
-0.498105
-0.589453
-0.116104
-0.097229
0.203006
-0.349564
-0.037790
0.649707
0.485340
0.146235
0.305601
-0.472342
0.265956
-0.304173
0.513690
0.278869
0.362638
-0.074839
-0.428917
-0.006322
-0.197212
0.295603
-0.112396
-0.564467
-0.348566
0.549180
0.372758
-0.524039
-0.655639
-0.054637
0.107942
-0.098517
-0.137521
0.471531
-0.333576
0.048616
-0.012252
0.295049
-0.138112
-0.601628
0.043455
0.391832
-0.217742
0.508400
0.500643
-0.128400
0.146772
0.579406
-0.466875
0.356452
0.644323
-0.413732
-0.096885
0.321454
-0.319742
0.350629
-0.021891
0.329774
-0.518770
-0.442123
0.047712
0.501015
-0.606331
-0.113099
-0.134089
-0.201980
0.576820
-0.493593
-0.191863
0.276176
-0.576334
0.233527
0.483499
0.436734
-0.592482
0.727217
-0.530342
0.027116
-0.025633
-0.467903
-0.461548
0.020692
-0.026705
0.058717
0.123065
0.818789
-0.380821
0.046814
-0.183168
0.801759
-0.028528
-0.256204
0.372200
0.091601
-0.108268
-0.161357
-0.457324
0.639267
0.608746
-0.268914
-0.088896
0.044684
-0.084188
-0.152477
-0.199957
-0.074399
0.529899
-0.338781
0.456593
-0.303309
0.359380
