-0.542499
0.362011
0.352351
-1.118660
0.711505
-0.420441
0.080196
0.564542
0.369954
-0.700637
0.209116
0.238152
-0.643396
-0.312890
-0.514144
0.470745
-0.454215
-0.321862
0.418090
-0.469186
0.324451
0.046223
-0.364242
0.356444
0.044853
-0.216853
0.050061
0.135472
-0.499727
0.337601
-0.321416
0.491334
0.944071
-0.330305
0.575003
0.781180
-0.823648
0.168491
0.251350
0.107736
0.022291
-0.318094
0.544647
-0.516229
-0.317970
-0.205212
0.263667
-0.645516
0.143715
-0.015509
0.638304
0.304570
0.043052
0.012254
0.422121
0.598710
-0.417258
0.396156
0.710699
-0.627934
0.441653
-0.545828
0.677199
-0.132276
-0.803965
0.617129
0.449519
0.688621
-0.730472
-0.411697
0.291085
0.160256
0.352082
-0.046477
0.213998
0.250280
0.089404
0.046044
-0.228879
-0.204418
0.249122
-0.184354
0.812273
0.505005
-0.614680
-0.081522
0.135305
0.587007
-0.634269
-1.121520
0.056208
-0.397213
0.559057
-0.069508
0.502608
0.556627
0.662217
0.233380
0.535767
0.828161
0.367012
-0.004834
0.023113
-0.446586
-0.509894
0.557053
-0.041044
-0.678444
-0.006549
0.306274
0.011656
-0.005479
-0.233067
-0.083527
-0.248967
0.439003
-0.282785
-0.073182
0.069315
0.469965
0.400854
-0.182252
-0.161925
0.024862
0.213907
0.236236
-0.847374
0.037574
-0.512765
0.163134
-0.572429
-0.512564
0.201949
0.204712
-0.270673
-0.005922
0.101662
-0.095711
-0.250781
0.321342
1.741500
0.909082
-0.408971
0.340932
0.451602
-0.110135
0.027758
-0.487370
-0.132706
-0.296651
-0.352847
-0.212169
-0.158798
-0.435164
-0.431155
0.511540
-0.921275
-0.236678
0.036542
-0.217466
0.914319
-0.635112
0.022449
-0.746237
0.447764
-0.119473
-1.204930
0.439516
0.380322
-0.178802
-0.820685
-0.080062
0.427129
-0.446964
0.218513
0.194560
-0.702837
-0.626176
-0.012019
-0.702032
0.439197
-0.422790
-0.259257
0.613184
0.420102
0.208571
-0.095258
0.061880
-0.300305
-0.046451
-0.282064
-0.512681
