0.104244
0.270585
0.067662
-0.487710
-0.134935
0.036463
-0.458551
0.676454
0.291456
-0.324085
0.344699
-0.560997
-0.097431
0.097874
-0.683969
0.017653
-0.903991
-0.070020
0.029044
-1.099570
0.057618
-0.225879
0.193681
0.175567
0.226298
-0.106321
0.033547
-0.120999
-0.455747
0.529316
-0.382612
0.471554
0.579601
-0.514537
1.108810
0.474141
-0.520533
0.218089
0.517461
-0.403159
-0.262774
-0.584473
0.137692
-0.242888
-0.414699
-0.068870
0.152858
-0.372236
0.329736
-0.135253
0.595466
0.425107
-0.385123
0.213728
0.459828
0.600097
-0.029218
0.103939
-0.102832
-0.469278
0.996099
-0.350118
0.259179
0.332481
-0.211720
0.912930
0.008760
0.717016
-0.741377
-0.462864
0.029158
-0.061135
-0.338280
0.132398
0.277784
0.462436
-0.297128
-0.331064
0.303300
0.180543
-0.165293
0.521001
0.069950
0.294974
-0.488463
0.112923
0.276020
-0.040119
-0.157719
-0.660661
0.341006
-0.419718
0.439509
0.054032
0.579104
0.197621
0.527883
0.025246
0.617039
0.624121
-0.296662
-0.013730
-0.428127
0.014932
-0.708239
0.217876
0.225369
-0.390260
-0.028969
-0.327809
0.155236
-0.007464
-0.516017
0.425122
0.121279
0.397969
-0.448985
-0.201205
-0.202162
0.315087
0.234879
-0.315035
0.140617
-0.448462
0.286174
0.392127
-0.067080
0.068248
-0.253137
0.649457
-0.792565
-0.683006
0.093141
-0.225281
-0.278232
0.617160
0.405574
0.095623
-0.107284
-0.235706
1.223790
0.570202
0.310451
0.253165
0.061541
-0.094111
0.036716
-0.546131
-0.022674
-0.037284
0.282626
-0.425270
0.201990
0.379534
-0.317926
0.361240
-0.782087
-0.019030
-0.066060
-0.484329
0.350817
-0.584779
-0.306241
-0.058003
0.302417
0.181261
-0.409262
0.328373
0.200062
-0.079853
-0.669554
0.106206
0.800178
-0.251309
0.074602
0.011687
-0.442730
-0.876753
-0.005672
-0.641200
0.833416
-0.390376
-0.151197
0.039197
0.319938
0.243540
-0.751499
0.763152
-0.262789
-0.697374
0.063721
-0.295215
