0.365482
0.210761
-0.194515
0.038600
-0.136731
0.367455
0.248086
-0.087737
-0.365938
0.831082
0.119321
0.153792
-0.175734
-0.148943
0.285087
0.725585
0.420292
0.195451
-0.210371
-0.166870
-0.547774
-0.121622
0.292083
0.104309
0.262133
0.299287
0.131107
-0.065747
0.315042
-0.503575
-0.874766
0.086413
-0.373286
-0.136319
0.067021
-0.535519
0.871635
0.340911
0.298521
-0.727623
0.598921
0.677925
-0.939762
0.934081
0.351891
0.368105
-0.502350
0.470971
-0.214579
-0.585995
0.139033
-0.325964
0.438239
0.223091
0.067695
-0.413852
0.249249
-0.089276
-0.248364
0.188133
-0.387726
0.318772
-0.091345
-0.269696
-0.082912
-0.615941
-0.025880
-0.692397
0.470527
0.369309
-0.316862
0.226220
-0.282186
-0.017321
0.030341
-0.378971
0.160497
0.028570
0.338003
0.501699
0.260059
-0.262960
-0.330721
-0.022425
0.082535
0.082342
0.335861
-0.058235
0.660266
0.334834
-0.108190
0.113027
-0.058905
0.126111
-0.635058
0.212444
-0.227316
-0.453220
-0.850766
-1.305250
0.055148
-0.040904
0.084783
0.033786
0.508577
-0.272088
0.069936
-0.389622
-0.511109
0.486381
-0.049974
-0.603977
-0.112849
0.248711
0.078861
0.574073
0.503030
0.528709
-0.566502
-0.273649
-0.220893
-0.185639
-0.268648
-0.277808
-0.026939
-0.360966
0.874977
0.160854
-0.026915
0.176059
0.220428
0.953947
0.269513
-0.066378
-0.130697
0.364051
-0.453608
-0.331916
0.316309
-0.141850
-0.947843
-0.358119
0.282935
-0.567028
0.222858
-0.068201
-0.270236
0.716720
-0.837273
-0.254941
-0.390891
0.124122
0.013940
0.116304
0.903315
-0.817904
0.216718
0.790862
-0.852126
-0.084643
-0.421709
0.184485
-0.297552
0.969893
0.011600
0.724464
0.453840
-0.193278
0.397038
-0.432099
0.603448
0.503135
-0.500953
0.145962
0.072317
-0.319516
0.553057
-0.084111
-0.370012
0.699646
-0.326060
-0.762553
0.159728
-0.227307
-0.351841
-0.446449
0.195953
-0.451597
0.083986
0.289601
-0.195700
-0.021899
