0.648750
-0.090603
0.023296
0.951855
-0.191777
0.902375
0.098293
-0.186429
-0.671550
0.109391
-0.117769
-0.028677
0.550016
0.116651
0.239064
-0.489704
0.059734
0.337339
-0.283174
0.569785
-0.470108
-0.162135
0.441856
-0.235059
-0.164639
0.214616
0.445331
-0.031559
0.241188
-0.189754
-0.438411
-0.281358
-0.403581
0.160074
0.096512
-0.789223
0.623951
-0.264072
0.314410
-0.352722
-0.099184
0.437365
-0.243584
0.715424
0.744170
-0.141040
-0.184212
0.485196
0.130086
0.105766
-0.415264
-0.573365
0.212289
-0.074133
0.050454
-0.764565
0.552192
-0.168748
-0.751106
0.753558
-0.230595
0.407951
-0.282234
-0.039176
0.434677
-0.107101
-0.347876
-0.588454
0.629439
0.063567
0.168908
-0.469756
-0.263014
-0.244838
-0.037165
-0.322762
0.047441
0.032505
0.014123
0.288702
-0.017551
-0.160974
-0.282748
-0.164408
0.144746
0.549593
-0.042270
-0.226884
0.463864
0.905689
-0.057917
0.319858
-0.362503
0.076145
-0.367039
-0.211210
-0.347606
-0.179481
-0.237901
-0.690700
-0.265901
0.093102
0.282450
0.658169
0.297834
-0.642302
0.234021
0.032947
-0.168827
-0.046885
-0.403690
-0.434228
0.026469
-0.124698
0.195228
-0.376528
-0.174212
0.267151
-0.441252
-0.673431
-0.117622
0.119441
-0.207425
-0.256840
-0.219210
0.051092
0.664517
-0.364817
0.006364
0.245725
0.143270
0.342179
0.382166
-0.360030
0.120936
0.353132
0.050613
-0.040799
0.842695
-0.496867
-1.062380
-0.917121
0.327923
-0.387903
-0.087067
0.071367
-0.301068
0.278868
-0.312251
0.088585
-0.050445
0.018140
0.214901
0.267780
0.556595
-0.198685
0.625308
0.285540
-0.382174
0.023181
-0.481303
0.409788
-0.142919
0.732645
-0.192684
0.121498
0.897468
-0.380363
0.204375
-0.045160
0.357229
0.409189
-0.580079
0.142450
-0.055574
-0.402285
0.242622
0.471337
0.060381
0.214008
-0.188222
-0.135904
-0.063037
-0.360707
-0.597566
-0.057510
0.021754
-0.006346
0.102149
-0.119345
0.089158
0.341387
