0.057178
0.089209
-0.212091
-0.799161
-0.034943
-0.148718
-0.036592
0.005021
0.543171
0.636692
-0.003238
-0.665121
-0.128965
0.095458
-0.195482
-0.003157
-0.502371
0.020847
-0.127661
-0.939664
-0.339554
0.328941
0.395446
-0.391477
0.133425
-0.167261
-0.109134
0.151497
-0.065631
-0.030232
-0.243360
-0.345533
0.192568
0.500077
0.035805
-0.002966
0.281645
0.677305
-0.372375
-0.026661
0.027271
0.303843
-0.081092
0.217538
-0.027237
0.517396
0.168002
-0.093909
-0.024711
-1.044330
-0.233943
0.098753
0.170186
-0.095002
-0.690803
0.294128
0.097476
0.072452
0.525654
-0.261214
0.099089
-0.040834
0.070253
-0.129720
0.304414
0.016575
0.425385
-0.050947
0.155289
-0.063088
-0.162885
0.326633
0.001224
-0.118478
-0.056329
-0.261930
-0.158585
-0.146561
0.556197
0.055307
0.104023
0.437697
-0.320207
-0.086660
-0.697330
-0.168146
-0.494231
0.023064
-0.268242
-0.465519
0.300523
0.255686
-0.193105
-0.107984
-0.298271
0.261402
-0.028824
-0.246449
-0.449057
-0.418143
0.751271
0.283984
0.292262
-0.381565
-0.157394
0.393876
-0.196192
-0.030873
-0.779898
-0.119048
0.335052
-0.307362
-0.345199
0.309009
0.267394
0.941582
0.422384
-0.019618
0.060952
0.652060
-0.130213
-0.619653
0.640930
-0.053492
0.161204
0.298374
-0.594173
0.601298
-0.065415
0.051603
-0.061049
0.406137
-0.074432
0.075757
-0.005146
-0.102174
0.011295
0.357229
-0.247084
0.390335
0.131455
0.465227
0.462313
-0.674040
-0.161534
-0.361858
0.143859
0.441966
-0.445867
-0.363147
0.245512
-0.276414
-0.253394
0.859917
0.174188
-0.501782
-0.364068
0.553039
0.051791
-0.269040
-0.720888
-0.425220
0.162635
0.380731
0.485117
0.469115
-0.284360
0.189278
0.400932
-0.038520
0.040964
-0.333882
0.493294
0.012917
-0.302602
0.500622
-0.012200
-0.767752
0.476977
0.698668
0.171016
-0.834531
0.330021
0.395520
0.296491
-0.390760
-0.657424
0.319912
-0.263592
-0.204278
-0.346532
0.331573
