0.222383
0.305145
-0.233044
-0.050601
-0.668643
-0.309428
-0.445238
-0.317950
0.846818
-0.123423
0.758203
-0.482592
-0.150229
0.851210
-0.432095
-0.597229
0.034225
0.441666
-0.895836
-1.025290
0.034628
0.115088
0.120764
-0.038244
0.196692
-0.080648
-0.219157
-0.282885
-0.029486
0.647090
0.219584
0.195685
0.011344
-0.505096
0.160285
-0.052346
0.109489
0.600906
-0.699706
0.599448
-0.430623
-0.469322
0.138926
-0.275571
-0.503112
0.415739
-0.011644
-0.394012
0.559605
-0.867175
-0.133308
0.568799
-0.100253
-0.134197
-0.930603
0.220571
0.282331
-0.603530
0.360955
-0.097812
0.340015
-0.050385
-0.304093
0.601803
0.493096
0.333611
0.264520
-0.200478
-0.284334
0.205574
-0.601515
0.052178
0.107059
0.043850
-0.672895
0.104495
0.041585
-0.010489
0.389882
0.089155
-0.124773
0.720748
-0.677869
-0.040148
-0.138841
-0.247809
0.244172
-0.215904
-0.140475
-0.412166
-0.073350
-0.004895
0.772545
0.008643
-0.177179
0.163923
-0.308929
0.189123
-0.027882
0.421002
0.693845
0.234566
-0.198708
-0.134331
0.268796
0.617940
-0.322056
0.106185
-0.086903
-0.744342
0.625457
0.609990
-0.240882
0.083576
0.251571
0.253468
0.451853
-0.289338
0.088675
-0.238668
-0.200695
-0.287443
0.591227
0.036850
0.044276
-0.280838
0.115914
0.191227
0.098734
0.337289
-0.499876
-0.777834
-0.537218
-0.421274
-0.238699
-0.028893
0.079817
0.180183
-0.471338
0.753411
0.057723
0.048650
0.212766
0.384547
0.049292
-0.019585
0.558322
0.139802
0.335074
0.086974
0.243783
0.190043
-0.251774
0.039154
-0.373661
-0.141137
-0.641146
0.336657
0.536751
-0.270097
0.002246
-0.068335
0.106876
-0.094662
0.430334
0.150552
-0.559841
0.204367
-0.242249
0.419918
-0.381896
-0.112443
0.580057
-0.317877
-0.407924
0.047803
-0.117775
-0.446044
0.077449
0.262407
0.501856
-0.157455
0.194503
0.094219
0.679351
-0.158982
-0.547452
0.230165
-0.347918
0.148910
0.082288
0.210074
