0.807330
0.204081
-0.158980
1.022750
-0.566360
0.430772
-0.294460
-0.355690
0.269560
0.008449
0.592321
-0.351236
0.300234
0.555634
-0.171520
-0.755767
0.420297
0.512013
-0.692829
-0.356585
-0.500190
-0.380753
0.409230
0.405137
0.207196
-0.283759
-0.237854
-0.592111
0.697074
0.822462
0.052382
-0.179496
-0.510239
-0.165375
0.057311
-0.905565
0.595958
0.426664
-0.792495
0.470675
-0.315454
-0.168453
0.143723
-0.183002
0.371926
0.526069
-0.560953
-0.153432
0.006560
-0.289820
-0.024827
0.037888
0.251187
-1.120330
-0.220540
-0.877508
0.207198
-0.480825
-0.084701
0.714661
0.047364
0.045859
-0.698892
0.469203
0.207942
0.051581
-0.048272
-0.711568
-0.006956
0.447762
-0.739268
-0.170197
-0.165041
0.061125
-0.948938
-0.057963
0.357227
-0.292500
0.340824
0.147149
-0.535551
-0.021849
-0.627473
-0.283902
0.192607
0.076633
0.822193
-0.358478
0.460559
0.500627
-0.204331
0.536497
0.451430
-0.031269
-0.522292
0.356537
-0.158909
0.259098
-0.302620
-0.555061
0.413542
0.163748
-0.575941
0.073229
0.804635
0.307621
-0.257524
0.167033
-0.507491
-0.536773
-0.044969
0.117482
-0.250596
-0.068314
0.324839
-0.505000
0.469569
-0.291316
-0.444711
-0.882643
0.010526
0.353823
0.180396
-0.444684
-0.436240
-0.177841
0.882739
0.047193
0.472992
0.634441
-0.174513
-0.502458
-0.581401
-0.606548
0.080165
0.019503
-0.272612
0.027645
-0.146691
0.091233
-0.615616
-0.658027
0.659982
0.255145
0.045305
0.306790
0.201091
0.343093
0.371287
-0.104037
0.188676
0.546810
0.167669
-0.118854
0.029947
-0.677515
0.014513
0.491398
0.604274
0.374772
-0.502962
0.418654
0.061431
0.740510
0.063478
-0.097498
0.461921
0.028371
-0.192585
0.696928
0.373931
0.356516
-0.013107
-0.206894
-0.380245
-0.402672
0.481826
0.350946
-0.352766
0.468974
-0.175906
-0.026421
0.454601
0.044001
0.118685
-0.466460
-0.275705
-0.010148
-0.331299
-0.123198
0.277352
0.612434
