0.489010
0.769655
-0.005539
-0.742286
0.034721
0.641419
-0.163527
-0.111366
0.014601
-0.116700
0.254166
-0.417045
-0.225113
-0.008459
-0.899184
-0.091114
-0.863111
-0.068858
-0.029333
-0.531941
-0.666460
0.139414
0.222436
0.017621
0.023723
-0.046822
0.365327
0.238158
-0.239484
0.282706
-0.408984
0.448271
0.338965
-0.040460
0.451893
-0.037062
-0.002249
0.239309
0.072038
-0.567409
-0.332045
0.508077
-0.167421
0.419623
0.106964
0.293532
0.505955
0.068993
0.239929
-0.511925
-0.010087
-0.364541
-0.041147
0.553194
-0.030769
0.583319
0.607237
-0.289881
-0.156370
0.268462
0.461200
0.153219
0.093474
-0.118342
0.144390
0.849623
-0.099197
0.284345
-0.002214
-0.237396
-0.109283
0.082678
-0.585548
0.126564
-0.037055
0.127032
-0.161142
-0.250430
0.204573
0.132584
-0.071131
0.370178
-0.013975
-0.393101
-0.177458
0.378495
-0.446394
0.290590
0.121116
0.071160
0.384159
-0.287854
0.298740
0.012707
-0.228922
0.398166
0.407427
0.036477
-0.083579
0.133966
-0.237260
0.350422
0.439385
0.042680
-1.005710
-0.578770
0.264091
-0.028586
0.027943
-0.287408
0.175517
-0.499420
-0.355224
0.134173
0.240255
0.754484
-0.166972
0.317481
-0.356528
0.265685
-0.350887
-0.798228
0.511152
0.040934
0.187223
0.235530
-0.263959
0.067298
-0.259971
0.268991
0.084348
0.174448
-0.010889
-0.684085
-0.001230
0.401651
0.225600
0.037725
-0.022065
-0.236638
0.236613
0.085225
0.331169
-0.505260
0.158980
0.262068
-0.133530
-0.241444
-0.637806
-0.090300
0.450533
-0.633224
-0.145591
0.746182
-0.084303
-0.240915
0.247056
-0.070958
-0.311385
-0.494155
-0.137469
-0.429297
-0.213499
0.320352
0.133096
0.365275
0.012926
-0.290347
0.122128
0.045341
-0.057334
0.288962
0.076513
0.108203
-0.177281
-0.025808
-0.554793
-1.214950
0.858705
0.037619
0.789140
-0.661154
-0.106283
-0.243982
-0.407350
0.104909
-0.137696
0.449888
-0.361157
0.101008
-0.031932
-0.067735
