-0.962499
-0.413079
-0.124187
-0.451491
0.210937
-0.907179
-0.373983
0.409497
0.349482
-0.214114
-0.555895
-0.290808
0.432471
-0.359762
0.078032
0.032497
-0.675724
-0.524053
0.559080
-0.106510
0.809113
0.289869
0.146065
-0.529552
-0.420212
-0.114339
-0.332293
0.367697
-0.529351
-0.154347
0.918668
0.058389
0.586829
0.218900
0.008872
1.017580
-1.096540
-0.357579
0.217946
-0.185288
-0.245270
-0.622637
0.419760
-0.501905
-0.561677
-0.428799
0.634830
0.089998
0.062591
0.412384
-0.104005
0.480010
-0.729839
0.665522
0.163559
1.081010
-0.474315
0.310094
0.121229
-0.672974
0.313796
-0.350231
0.376859
-0.054865
0.342141
0.416331
-0.098369
1.038480
-0.279520
-0.416952
0.561378
-0.037021
-0.033820
-0.165977
0.865050
0.420305
-0.770344
0.072038
-0.093966
-0.435685
-0.185292
0.593917
0.082418
0.199852
-0.218499
0.017017
-0.765537
-0.028215
-0.787630
-0.507947
0.474811
-0.371414
-0.497495
-0.018857
0.857378
-0.689630
0.052544
-0.001348
0.695049
1.194960
-0.755456
-0.309831
0.028223
-0.206410
-0.725816
0.223426
0.150321
0.612689
0.879554
-0.423938
0.507545
0.640180
0.327439
0.370686
-0.177094
-0.186894
-0.450681
-0.569001
0.787913
0.753300
0.028707
0.094557
0.297026
0.338391
0.470808
0.179735
-0.915534
-0.147689
-0.001229
-0.501231
-0.141900
-0.419604
0.114850
0.606788
-0.039667
-0.066030
0.624239
0.443549
-0.406614
-0.014219
0.539273
0.958097
-0.364395
0.147735
-0.765952
-0.206978
0.221905
-0.657992
0.658674
0.247732
0.564734
-0.483624
-0.115940
0.379429
-0.794482
0.702668
-0.154247
-0.833420
0.290446
0.037904
0.076600
-0.600840
0.157237
-1.028520
-0.216327
-0.215531
-0.255059
0.108050
-0.431090
-0.091297
-0.336052
-0.850458
0.706522
0.189791
0.172512
0.608442
-0.486828
-0.117297
0.409055
-0.545838
0.182463
0.594194
-0.040070
-0.164131
0.290585
0.464827
-0.503378
0.776169
0.315092
-0.419187
0.241828
-0.282546
