0.516553
0.110325
-0.128200
0.203316
-0.220588
0.495172
0.404182
-0.183780
-0.395271
0.800371
0.255270
0.241191
-0.382335
0.082389
0.313610
0.521698
0.771634
0.299702
-0.303046
-0.024660
-0.688521
-0.164992
0.057399
0.346447
0.438055
0.213307
0.118090
-0.198874
0.415040
-0.273355
-0.968369
-0.070304
-0.493655
-0.061163
-0.060004
-0.746005
1.110050
0.381009
0.078631
-0.381750
0.643505
0.762400
-0.854921
0.710043
0.503354
0.465196
-0.641813
0.252253
-0.401496
-0.558360
0.022860
-0.395351
0.627778
-0.296358
0.012880
-0.750142
0.163258
-0.024451
-0.036516
0.335860
-0.479990
0.300061
-0.172309
-0.235198
-0.345643
-0.798545
0.094133
-0.869302
0.369859
0.392522
-0.468631
0.384230
-0.158460
0.107906
-0.298877
-0.439320
0.433819
0.000086
0.221071
0.520989
0.287019
-0.539777
-0.145719
-0.109587
0.144443
-0.133453
0.651057
-0.067536
0.656033
0.439106
-0.231952
0.376885
0.041151
-0.022313
-0.816541
0.394225
-0.165691
-0.412458
-1.061130
-1.613820
0.452458
0.107634
-0.054731
0.037691
0.744617
-0.115937
-0.119826
-0.493359
-0.782982
0.663104
-0.333121
-0.674632
-0.255925
0.064268
0.187877
0.520387
0.577300
0.541787
-0.715018
-0.320134
-0.011948
-0.116623
-0.346145
-0.249937
-0.351563
-0.379718
0.895512
0.314001
0.081969
0.290393
0.373031
0.886817
0.135338
-0.135937
-0.026101
0.159800
-0.666240
-0.406505
0.237326
-0.047647
-0.874000
-0.601228
0.406175
-0.531204
0.335326
-0.016520
-0.316104
0.832297
-0.878236
-0.357520
-0.507213
0.427619
0.021076
-0.035456
0.983838
-0.918886
0.231925
0.927382
-0.626083
0.055940
-0.514958
0.450227
-0.169388
1.218470
0.049069
0.525866
0.482242
-0.060089
0.455691
-0.206309
0.709329
0.656703
-0.579813
0.042333
-0.033036
-0.365092
0.695298
0.149861
-0.557415
0.798638
-0.422157
-0.762940
0.226860
0.073478
-0.389149
-0.632516
0.430680
-0.771174
-0.037205
0.229177
-0.281487
0.165510
