-0.236745
-0.141383
-0.216495
-0.859434
0.140189
-0.285176
-0.243025
0.249065
0.322309
-0.247585
-0.082538
-0.112094
-0.375258
-0.650046
-0.442333
0.493363
-1.028170
-0.581834
0.170722
-0.310607
0.575754
0.202528
-0.245728
-0.401979
-0.053868
0.021704
0.386828
-0.172576
-0.484276
-0.236389
0.622354
0.413322
-0.079805
-0.023635
-0.383979
0.938205
-0.949080
0.518381
0.367309
0.282425
-0.469769
-0.727930
0.390116
-0.219367
-1.114200
-0.280456
0.515227
-0.568366
0.427502
0.068404
0.261801
0.456162
-0.427704
0.850375
-0.100002
0.949119
-0.332047
0.159838
0.248711
-0.703795
0.302821
-0.118152
0.182773
0.361660
-0.084841
0.116366
-0.234911
0.795867
0.194207
-0.008668
0.371549
-0.237418
-0.084506
0.130957
0.603657
0.133023
-0.078965
0.101164
0.040420
-0.374670
0.406728
0.803888
0.029738
0.311822
-0.141051
-0.029346
-1.114260
-0.128912
0.149378
-0.780837
-0.301751
-1.152670
0.034054
0.582374
0.093754
-0.401950
0.009022
0.004345
1.102200
1.481280
-0.292731
-0.010687
0.532600
0.003643
-0.259265
0.148521
0.301687
0.134558
0.584662
-0.204817
0.420595
0.104673
0.506439
0.310669
-0.853868
-0.036923
-0.180526
-0.050343
0.713560
0.108217
-0.431172
0.058123
0.109239
-0.058753
0.647954
0.127990
-0.116416
-0.308660
-0.423780
0.194091
-0.860292
-0.155393
0.014693
0.355971
-0.340887
0.140841
0.204820
0.433159
0.160115
0.128701
0.488327
0.444636
-0.560888
0.529327
0.119755
-0.183433
0.318582
-0.640409
0.155988
0.446269
-0.213593
-0.142588
0.039235
-0.312731
-0.604174
0.729560
-0.075286
-0.182241
-0.047164
-0.965719
1.092830
-0.560828
-0.568237
-1.222600
0.611655
0.265388
-0.643743
0.088749
-0.372801
-0.537235
-0.858303
-0.631284
0.558024
0.034621
0.588438
0.150554
-0.269194
-0.674584
0.136186
-0.562735
0.523973
0.668307
-0.537412
-0.710124
0.764050
1.091590
-0.335735
0.501170
0.314313
0.710631
0.414810
-0.549125
