-0.168846
-0.202147
0.198271
0.625523
-0.189557
-0.123837
0.140127
-0.341827
0.060668
-0.253815
-0.101299
0.068769
0.343471
0.529039
0.386660
-0.759510
0.610031
0.379696
-0.076133
0.184879
0.005435
0.033114
-0.236597
0.209109
-0.082545
-0.203074
-0.465293
0.052757
0.166968
0.447983
0.337736
-0.395740
0.072546
0.121731
0.074730
-0.208860
0.342481
-0.655114
-0.613252
0.173131
0.125947
0.159546
0.050210
-0.467075
0.406315
0.040635
-0.100101
0.239305
-0.390924
0.364575
-0.160046
0.025462
-0.004318
-0.723558
0.128822
-0.311955
-0.040185
-0.065133
0.158015
0.446693
-0.259069
0.022567
-0.068931
0.000765
0.164884
0.055950
0.238613
-0.205901
-0.486160
-0.056040
-0.249861
0.254872
0.090510
0.069677
-0.432619
0.175899
0.016796
-0.271528
-0.356436
0.068719
-0.470366
-0.306433
0.226906
-0.377506
0.243651
-0.167711
0.802431
-0.071105
-0.398192
0.372281
0.079200
0.734618
0.036131
-0.586557
0.401189
0.010875
0.058831
0.202299
-0.438325
-0.228714
0.083374
-0.119670
-0.602906
-0.179003
0.020098
-0.015458
-0.351331
0.185063
0.046233
-0.053572
-0.260969
0.335071
-0.264042
-0.387758
0.291071
-0.527619
0.027278
-0.317286
-0.073943
0.029702
0.501647
0.187143
0.021546
0.241584
-0.538502
-0.002970
-0.194844
0.264203
0.340593
-0.175581
0.628687
-0.455228
-0.300700
-0.034129
0.383551
-0.503474
-0.067730
-0.092157
-0.632902
0.009139
-0.043568
-0.008116
0.140605
0.131052
-0.254141
0.143663
-0.042824
-0.039511
0.514666
-0.144970
0.632009
0.269574
-0.064752
0.205399
-0.230436
-0.137709
0.011648
-0.448994
0.704325
1.029660
-0.509798
0.516947
0.722291
0.330924
-0.691694
-0.567481
0.210155
-0.004096
-0.168590
0.684395
0.352380
-0.032460
-0.128108
-0.061223
-0.457684
0.189771
0.073802
0.833847
-0.076866
-0.077189
-0.326003
0.366440
0.392701
0.510787
-0.151988
-0.548817
0.218995
-0.291877
-0.115320
-0.624517
0.013828
0.338812
