-0.399781
0.018353
0.329694
-0.078241
-0.322005
-0.383887
-0.301168
0.254222
-0.185118
-0.644079
0.218661
0.055802
0.261211
0.321682
-0.724145
-0.362873
-0.309275
0.065849
-0.073462
0.102734
0.398816
0.506778
-0.321630
-0.351526
0.208981
0.032660
-0.258076
0.387517
-1.033510
0.074098
0.320884
0.748956
0.381424
-0.821788
0.681192
0.312387
-0.203061
-0.804796
0.080330
-0.396234
-0.311133
-0.878311
-0.074099
-0.351564
-0.723977
-0.789451
0.063829
-0.076073
1.110990
0.121184
-0.109702
0.312600
-0.540291
0.729845
0.038353
0.796500
0.208206
-0.356225
-0.097492
-0.536117
0.569011
-0.128876
0.391474
-0.090560
0.389140
0.394314
-0.020635
0.186436
-0.954852
-0.466563
0.427564
-0.090066
0.334435
-0.431389
-0.090152
0.586415
-0.309097
0.306495
-0.042944
-0.243675
0.002645
0.525933
-0.182290
0.216034
0.134928
0.196034
-0.138185
0.427281
-0.614305
-0.531660
0.175395
-0.651815
-0.029332
0.200815
0.774773
-0.364633
-0.270413
-0.079523
0.737118
0.857145
-0.815341
0.273386
-0.073600
0.396767
-0.114290
-0.157927
0.586697
-0.101752
0.495864
0.033760
0.810060
-0.156711
0.487826
0.277286
-0.191656
0.809098
-0.231397
0.181858
-0.104455
0.126839
0.116153
-0.396436
0.165793
0.218973
0.320056
0.069980
-0.192790
-0.641854
-0.133443
0.029100
0.100374
-0.724949
0.476069
-0.294786
-0.178705
0.457970
0.505206
-0.232930
-0.065745
0.167304
0.724309
0.342669
-0.756698
0.646258
-0.043230
0.295763
0.248626
-0.646130
0.290692
0.332579
-0.210952
-0.143906
-0.073390
-0.322389
-0.039614
0.952944
-0.457187
-0.375474
-0.459440
-0.533542
0.923342
-0.118467
-0.143424
-0.609707
-0.208046
-0.105571
-0.519346
0.011241
0.032833
-0.046672
-0.467772
0.076033
0.148299
0.187605
-0.376715
-0.169390
-0.418341
-0.516242
0.723974
-0.213161
0.776714
-0.019331
-0.089844
0.012363
0.229564
0.957490
-0.440276
0.158478
0.249073
-0.149613
0.154554
-0.526261
