-0.168131
-0.490506
-0.527899
-0.529486
-0.234159
-0.487242
-0.192273
0.301034
0.520674
-0.776051
0.281636
-0.231424
-0.494774
0.554518
-0.153687
-0.320538
-0.327762
-0.120944
-0.483742
-0.044595
0.607222
0.060360
-0.357148
0.040362
-0.167746
0.319400
0.438663
-0.093072
-0.527349
0.315704
0.118794
0.200545
0.435430
-0.135709
0.087378
0.656898
-0.989569
0.376157
0.474960
1.307930
-0.562379
-0.423418
0.836072
-0.694619
-0.408114
-0.281170
0.731091
-0.586368
0.246804
-0.186102
-0.707878
0.507585
-0.344611
0.467157
-0.384999
0.572646
-0.160349
0.505862
0.134388
-0.235383
0.467409
-0.485979
0.184292
0.905601
-0.047417
0.714398
0.271256
1.090850
-0.236197
-0.213680
0.145066
-0.514957
0.170801
0.275251
0.032566
0.283778
-0.215949
0.488372
-0.527883
0.175945
0.347780
0.662016
0.533247
0.055420
-0.178128
-0.186440
-0.612090
-0.212048
-0.834730
-0.261040
0.325987
-0.296522
0.601827
-0.227778
0.188219
-0.803060
-0.118460
0.280796
0.615257
1.229760
0.346882
0.207494
0.261688
0.074302
-0.539512
0.564970
-0.884977
0.420519
1.140700
-0.591244
-0.013780
1.053470
-0.202682
-0.031467
-0.031693
-0.315853
-0.745172
-0.505494
0.509714
0.561529
0.202341
-0.115816
0.173635
0.567857
-0.187931
-0.279687
-0.917007
-0.070530
-0.472248
-0.216874
-0.895171
-0.952144
-0.211579
-0.006654
-0.297434
-0.255082
0.449459
0.733853
-0.508427
0.665084
0.805890
0.237996
-0.162087
0.416185
-0.414542
-0.075087
0.540714
-0.901188
0.843960
0.486902
0.445970
-0.217818
-0.316363
0.038016
-1.134280
0.911283
-0.608280
-0.176332
0.767916
-0.330931
0.220725
-0.093055
0.051984
-0.753754
0.433977
-0.559296
-0.815022
0.423112
-0.538137
0.416610
-0.950088
-0.537790
0.817777
-0.465703
0.354945
0.496718
-0.614521
0.014460
-0.080916
-1.127120
0.689680
0.537503
-0.476153
-0.253032
0.093797
0.031394
0.139967
0.534775
-0.111509
-0.379477
0.266952
0.044628
