-0.080348
-0.481451
-0.180629
-0.668448
-0.176460
-0.160512
-0.372650
0.309920
0.446590
0.031525
0.027100
-0.007686
-0.614368
0.107829
0.010203
-0.110292
-0.380259
-0.276959
0.215023
0.242025
0.449096
0.182311
-0.028077
0.247894
-0.038185
0.047586
0.186792
-0.130991
-0.145591
0.458047
0.493369
0.491407
0.313222
0.259000
-0.173053
1.119930
-0.892033
0.498305
0.106190
0.375416
-0.716528
-0.122895
0.674352
-0.634350
-0.446552
0.053462
0.863329
-0.713086
-0.110817
0.179168
-0.082082
-0.225165
-0.337208
0.083310
-0.372253
0.652718
-0.329877
0.449342
0.385257
-0.310040
0.482098
-0.507905
-0.087326
0.251947
-0.023748
0.272730
-0.089198
0.880033
0.210304
-0.430692
0.072205
0.458966
-0.079553
0.680972
0.280379
-0.119454
0.126493
0.526492
-0.137584
-0.350027
0.444788
0.314916
0.225142
0.185956
-0.164308
-0.058612
-0.699378
-0.351253
0.082229
0.202975
0.081930
-0.220113
0.170850
-0.015412
-0.002549
-0.311879
-0.086271
0.132256
0.121446
0.577498
-0.032861
0.317923
0.522899
-0.219341
-0.582187
0.593445
-0.113598
0.328984
0.481144
-0.860786
-0.207717
0.340439
-0.108255
0.107168
0.353517
0.120863
-0.534502
0.248285
0.235148
0.311071
-0.274118
-0.298885
0.218730
0.448749
0.122927
-0.270754
-0.304230
0.009235
-0.028779
0.229271
-0.333446
-0.393353
-0.296347
-0.223765
-0.413316
-0.603329
0.168647
0.287635
-0.532448
0.066937
0.270898
0.191359
0.003169
-0.292330
-0.336101
0.021577
0.132881
-0.516516
-0.096347
0.030933
0.210269
-0.201384
-0.255300
0.481871
-0.320699
-0.015710
0.303078
-0.227942
0.049473
-0.730340
-0.227212
-0.545756
-0.165515
-0.449439
0.350124
-0.115824
-0.024619
0.044399
-0.415959
-0.042182
0.127492
-0.353616
0.503569
-0.051729
0.396398
-0.073744
-0.350003
-0.600957
0.208505
-0.308967
0.786030
0.170647
-0.397111
-0.032792
0.012481
0.071662
0.087682
0.398261
-0.529277
0.250740
0.044499
-0.039845
