-0.087884
0.537455
0.264485
-0.343969
0.616748
-0.092795
-0.174782
0.026298
0.291825
0.035467
-0.199484
-0.116948
0.073443
-0.524459
-0.166032
0.148413
-0.394644
-0.310541
0.627149
-0.245680
-0.082670
-0.183496
0.469564
-0.053727
-0.269779
-0.350175
-0.135391
0.141570
0.332980
0.051540
0.343235
-0.037068
0.436423
0.291169
-0.125973
0.244051
-0.528059
0.041531
-0.234887
-0.332738
-0.130789
0.092025
0.389481
0.021631
0.068733
0.318648
0.244409
-0.038725
-0.186919
0.343129
0.532181
-0.158996
-0.084906
-0.209036
0.114867
0.158564
-0.123068
-0.103364
-0.023756
-0.201111
0.253827
-0.028078
-0.052443
-0.488720
-0.036694
0.316268
-0.084441
0.159377
0.225054
-0.121886
0.048898
0.159122
-0.001809
-0.040951
0.332695
-0.152402
-0.160186
-0.092959
0.270786
-0.392454
-0.312565
-0.396724
-0.105542
0.143465
-0.321853
0.113001
-0.209046
0.202606
0.185140
-0.115967
0.129252
0.047093
-0.125997
0.167042
0.022530
0.582298
0.461431
0.335725
0.163990
0.068885
0.096380
-0.171711
0.210163
-0.276319
-0.624083
0.012997
0.373632
0.013735
-0.348118
-0.367993
-0.009722
0.104743
-0.144368
-0.131102
0.224506
-0.065919
-0.086015
-0.059903
0.266244
0.096286
-0.250704
-0.046756
0.229021
-0.134846
0.464275
0.437166
-0.438104
0.091371
0.204638
-0.286386
0.010357
0.223612
-0.205517
0.032251
0.095171
-0.224963
0.302112
-0.056721
0.105445
-0.231640
0.372073
0.461523
0.157142
-0.306990
0.057244
-0.165742
-0.125654
0.208430
-0.371789
-0.268849
0.090053
-0.516308
0.066238
0.193052
0.105716
-0.217083
0.152543
-0.517202
0.032207
-0.105278
0.030437
-0.634236
0.039935
-0.379164
0.191248
0.057005
0.093946
-0.116060
0.173629
-0.216958
0.213641
-0.081491
0.013247
0.079361
0.161188
0.013727
-0.413318
-0.582329
0.468164
0.141526
0.000220
-0.222066
-0.078088
0.176034
0.073828
-0.050053
-0.118324
0.425393
-0.362932
0.307799
-0.319230
0.026445
