-0.435150
0.089619
0.041792
-0.048274
-0.010950
-0.369272
-0.531053
0.225077
0.698166
-0.016987
0.000811
-0.285117
0.531507
0.007416
0.089609
-0.348042
-0.161370
0.126086
-0.223243
-0.042538
0.611635
-0.013716
0.495637
-0.481193
-0.244783
-0.149551
-0.009915
-0.116063
0.072866
0.019477
0.965341
-0.138986
0.075819
-0.022925
-0.449034
0.133123
-0.295768
0.108824
-0.170584
0.285523
0.255224
-0.471076
-0.118174
-0.205924
-0.113066
-0.265457
0.135835
0.564641
0.151115
0.333857
-0.088011
0.565592
-0.403439
0.615492
-0.640658
0.589690
0.220356
-0.539939
0.204614
-0.128038
-0.123729
0.483944
0.127707
-0.281951
0.814316
0.102453
-0.419564
0.297872
0.569840
0.039323
0.364826
0.193297
-0.105860
-0.307078
0.631206
0.102817
-0.445596
0.318918
0.388167
-0.107020
-0.071364
0.516326
-0.652539
0.341720
-0.041692
-0.051440
-0.362660
-0.214576
-0.115184
0.029102
0.092720
-0.111244
-0.283220
0.320454
0.244058
-0.061718
-0.036025
-0.252497
0.168531
0.559536
-0.350227
-0.397262
-0.043916
-0.113797
-0.173523
0.300165
-0.018225
0.492513
0.182190
-0.352072
0.458266
0.550229
0.363519
-0.073425
-0.173080
-0.306803
-0.148795
-0.560983
0.614632
-0.053374
0.110187
0.103576
0.248266
0.049159
0.229891
-0.063595
-0.316624
-0.282260
-0.125205
-0.407935
-0.204580
-0.349817
0.004285
0.321734
-0.130893
0.361571
0.126201
0.057348
0.156356
0.014131
-0.557379
0.634038
-0.404193
-0.102846
-0.574613
-0.566099
0.045821
0.290618
0.630386
-0.020695
0.459286
-0.239742
-0.327700
0.150965
-0.571587
0.056355
0.161985
-0.487919
0.166310
0.120775
-0.208247
-0.435569
0.182708
-0.787287
-0.344607
0.200610
-0.249411
-0.291268
-0.094109
-0.136988
-0.634542
-0.466961
0.281539
-0.049754
0.023157
0.288748
-0.209166
0.157749
0.173267
0.016863
-0.106031
0.362174
-0.007631
-0.273229
0.273009
0.126477
-0.595107
0.349671
0.224588
0.081763
0.026864
-0.179497
