-0.113788
0.042959
-0.119417
0.190636
-0.007557
-0.152795
0.352137
-0.647711
-0.495370
0.236961
-0.396600
0.375682
0.190499
0.148675
0.488541
-0.050370
0.832314
-0.135452
-0.081635
1.040550
-0.206413
0.339238
-0.791993
-0.224380
-0.043772
0.047755
-0.177227
0.449717
0.045631
-0.807193
0.385558
-0.409678
-0.670280
0.433947
-0.959525
-0.657731
0.656290
-0.690348
-0.529700
0.592685
0.628655
0.801461
-0.587033
0.110507
0.425068
0.054216
0.141132
0.731064
-0.410956
0.244489
-0.815366
-0.378491
0.267072
0.340844
-0.326512
-0.016239
0.239257
-0.456203
-0.322694
0.378099
-0.785726
0.653055
-0.211987
-0.447485
0.214117
-0.660453
0.014330
-0.378279
0.551941
0.364071
-0.116464
0.219146
0.251947
0.130059
-0.321977
0.105517
-0.185213
0.089262
-0.548943
-0.050778
-0.076302
-0.343873
-0.024740
-0.829186
1.006000
-0.530312
-0.275379
0.154917
-0.349373
0.745474
0.210633
0.082543
-0.354318
-0.246628
-0.377320
-0.163329
-0.258545
0.141166
-0.567116
-0.319857
-0.054929
0.183383
0.174731
0.126408
-0.128057
-0.889349
-0.312727
0.553403
0.226287
0.725497
-0.158787
0.022814
0.567411
-0.547216
-0.193021
-0.161007
0.281132
0.019379
0.417419
0.201739
-0.083165
0.176894
0.055770
0.650610
-0.385833
-0.057966
-0.365725
0.246581
0.143291
-1.159760
1.375180
0.659600
-0.261003
0.141719
0.774831
-0.420872
-0.271802
-0.038790
-0.160612
0.023364
-0.898710
-0.500516
-0.291768
-0.278019
-0.240391
0.204405
-0.353978
0.310523
0.104221
0.214051
0.443377
0.016823
-0.136895
-0.153197
-0.069187
0.157747
0.887380
-0.362354
0.237111
0.689375
-0.492757
0.970757
0.410877
0.095038
-0.752592
-0.415185
0.415577
-0.420134
-0.472303
0.224593
0.317349
0.004706
-0.928547
0.408396
-0.466603
0.230941
0.234450
0.710094
0.468745
0.219735
-0.616901
0.667785
0.276806
-0.218578
-0.562357
0.144999
1.043330
-0.700592
0.535118
0.434209
-0.150599
0.267003
