-0.212768
-0.057146
0.444336
-0.149455
0.643546
0.274868
0.395636
0.249394
-0.713942
-0.673907
-0.268655
0.407261
-0.035951
-0.725149
-0.104034
-0.043583
-0.516983
-0.300900
0.439830
0.751154
0.153319
0.059739
-0.339723
-0.284324
-0.131007
-0.099370
0.610835
0.209786
-0.451250
-0.295439
0.264378
0.234164
0.104352
0.099672
0.018296
0.323027
-0.445055
-0.650536
0.679599
-0.332876
0.097339
-0.146470
0.111170
-0.119781
-0.080402
-0.620439
0.198653
0.145491
0.106894
0.843331
0.132952
-0.153279
-0.344653
0.299728
0.872173
0.314482
-0.119760
0.255952
-0.187676
-0.002219
-0.099067
0.229491
0.488250
-0.315539
-0.289948
0.123254
-0.247133
0.437959
0.020739
-0.256710
0.849638
-0.145349
0.021742
-0.306928
0.694123
0.190277
-0.097023
0.039497
-0.508750
-0.061427
0.217096
-0.411630
0.748397
0.139298
0.053315
0.366324
-0.288199
0.202793
-0.112538
-0.011760
-0.092631
-0.481253
-0.345112
0.257294
0.426655
-0.064302
0.362985
0.019710
0.734673
0.648937
-0.617814
-0.128665
0.301662
0.259515
-0.463479
-0.557121
0.437107
-0.243249
0.339043
0.527154
-0.388122
-0.431009
0.264848
-0.309048
-0.721585
-0.578088
-0.584550
0.129835
0.201931
-0.186189
0.344400
0.227426
-0.518692
-0.122167
0.058284
0.533315
-0.169202
-0.503390
-0.503268
0.025336
0.058072
0.096875
0.545355
0.294903
0.063088
0.072715
0.188279
-0.065929
0.523873
-0.538090
0.528820
0.142902
-0.596550
0.256809
0.187814
-0.030077
-0.418380
-0.568528
-0.162423
0.134474
-0.215054
-0.140870
0.138490
-0.302890
0.047269
0.780729
0.322465
-0.663354
-0.296086
-0.116489
0.890459
-0.020437
-0.105992
-0.597353
-0.231860
-0.147352
-0.010514
-0.088827
0.077958
-0.374054
-0.453081
-0.064736
-0.412435
0.050371
0.486829
-0.062412
-0.327303
0.215117
0.162715
-0.746305
0.087504
0.457174
-0.506996
-0.310983
-0.137192
0.707711
0.193788
0.031213
0.358839
0.013718
-0.000226
-0.299542
