-0.885600
-0.288223
-0.216051
-0.613209
0.223795
-0.821581
-0.413276
0.489687
0.277603
-0.017864
-0.530475
-0.298068
0.393266
-0.547165
0.026335
0.365839
-0.832749
-0.579727
0.529151
-0.211134
0.747169
0.276612
0.324235
-0.625226
-0.396381
0.025602
-0.189534
0.381445
-0.536753
-0.402039
0.696443
0.238683
0.536331
0.112141
0.081512
1.019290
-1.085900
-0.170407
0.483834
-0.467530
-0.196193
-0.564705
0.194931
-0.161497
-0.644414
-0.405611
0.603250
0.185917
0.204198
0.200277
-0.016007
0.440107
-0.728244
1.036520
0.153773
1.182910
-0.359727
0.264879
-0.054748
-0.757693
0.340485
-0.291199
0.399708
-0.089457
0.395297
0.373627
-0.194337
1.000350
-0.077427
-0.343407
0.585079
-0.130863
-0.137002
-0.222132
1.025890
0.342698
-0.823543
0.155305
0.073260
-0.348776
-0.044144
0.718805
-0.089308
0.303530
-0.253804
0.158201
-0.957550
-0.010453
-0.577140
-0.549782
0.472548
-0.589911
-0.510333
0.176447
0.746347
-0.720316
-0.034582
-0.142757
0.699660
1.123320
-0.907063
-0.331729
0.211451
-0.155753
-0.714903
0.123795
0.282631
0.528514
0.868784
-0.396530
0.647219
0.467507
0.406313
0.564062
-0.252162
0.048861
-0.386781
-0.394019
0.726354
0.687201
-0.189020
-0.024625
0.267805
0.218479
0.672519
0.114650
-0.681650
-0.243427
-0.121556
-0.454803
-0.289682
-0.156406
0.265044
0.582209
-0.197019
0.186360
0.627476
0.422241
-0.196966
-0.067776
0.365133
0.955758
-0.376723
0.018398
-0.696506
-0.236495
0.206404
-0.567001
0.428302
0.274263
0.405459
-0.619042
-0.106866
0.409674
-0.591127
0.626252
-0.128696
-0.620749
-0.103008
-0.260566
0.161230
-0.757825
-0.099715
-1.011530
-0.084292
0.108721
-0.228169
0.025458
-0.346155
-0.370197
-0.340380
-0.784077
0.654096
0.254457
0.300918
0.490374
-0.451170
-0.397976
0.431251
-0.449838
0.260214
0.366958
-0.119930
-0.422010
0.258660
0.553836
-0.595088
0.858711
0.373418
-0.227684
0.230069
-0.413139
