0.153390
-0.615013
0.083535
-0.073997
-0.253137
0.011276
0.250916
0.201454
-0.015119
0.014135
0.281099
0.175378
-0.734943
0.396726
-0.054669
-0.228385
0.522326
-0.070564
-0.027310
0.490642
-0.063997
0.065870
-0.521448
0.518488
0.530417
-0.177384
0.057918
-0.272875
-0.098237
0.544139
-0.106581
-0.115424
-0.104515
0.259031
-0.364664
-0.000244
0.120744
0.266042
-0.181523
1.008410
-0.090329
-0.124473
0.489730
-0.879889
0.074600
-0.018104
-0.116440
-0.859328
-0.385171
0.039348
-0.454162
-0.136527
0.170712
-1.012530
-0.218023
-0.476974
-0.459538
0.504643
0.699754
-0.034228
0.046829
-0.364577
0.000202
0.104550
-0.789866
-0.447836
0.241679
0.059980
-0.197191
-0.207315
-0.052999
0.433662
0.360260
0.316893
-0.501840
-0.124443
0.585441
0.299449
-0.266283
-0.155776
0.393895
-0.439769
0.552195
0.074342
-0.045853
-0.535106
0.203943
-0.033895
-0.200184
0.009402
-0.152625
0.340276
0.052449
-0.210671
-0.388982
0.186654
0.060170
-0.036109
-0.225875
-0.465180
0.856961
0.567496
-0.132640
0.076584
0.450750
0.730567
-0.373067
-0.178493
-0.466545
0.333947
-0.580992
-0.201998
-0.138576
-0.135559
0.234234
0.181965
-0.044089
0.047292
-0.228657
0.209761
0.510929
0.072880
-0.155229
0.183136
-0.591002
-0.131583
-0.251274
0.234623
0.128404
0.321377
0.095068
-0.229034
-0.161258
-0.032365
-0.028049
-0.492006
-0.382357
0.029087
-0.219248
0.294080
0.540147
-0.341019
0.190236
0.011666
0.028912
0.096772
-0.036675
-0.001311
-0.038678
-0.224885
-0.501448
0.692576
-0.080912
-0.320226
0.121892
-0.036074
0.003393
0.442431
0.344443
-0.182676
-0.150503
0.282471
0.079507
0.359759
0.355898
-0.456193
-0.080616
0.502741
0.094797
0.388835
0.139387
0.154578
0.141876
-0.232690
-0.013211
-0.037520
0.240075
0.278703
-0.375860
0.152526
0.079624
-0.026543
-0.057499
0.712099
-0.033174
-0.161003
0.407547
-0.602503
-0.263617
-0.188467
-0.179418
0.309836
