0.023679
-0.019838
-0.049726
0.419399
-0.160664
0.009925
0.445302
-0.353546
-0.586560
0.110958
-0.133061
0.256072
0.082144
0.079684
0.212651
0.351756
0.492684
0.160410
-0.003863
-0.162016
-0.409015
0.037862
-0.362146
0.234146
0.156256
0.199066
-0.386237
0.230671
-0.050713
-0.292677
-0.744146
0.010962
-0.147858
-0.293970
0.564316
-0.419189
0.646928
-0.557074
0.040839
-0.688891
0.210702
0.363765
-0.510827
0.395798
0.133113
0.108110
-0.464453
0.224516
-0.072783
-0.282559
0.124513
-0.182791
0.232987
-0.151858
0.642983
-0.470392
-0.039930
0.104352
-0.435744
0.130996
-0.186455
-0.155021
0.006282
0.113002
-0.284954
-0.224151
0.373571
-0.584027
-0.721314
0.147894
-0.425713
-0.228680
0.043500
-0.026714
-0.529673
0.153857
0.058846
-0.424604
-0.255551
0.321753
-0.242852
-0.296632
0.216722
-0.398782
0.282377
0.009730
0.752048
0.233468
-0.070499
-0.048668
-0.014805
0.196960
0.111365
-0.372191
0.168818
-0.128125
-0.125893
0.049630
-0.364949
-0.628127
-0.151944
-0.066680
-0.433212
0.091922
0.338938
-0.495781
0.013374
-0.307757
0.043513
0.536954
-0.019278
-0.288891
-0.109090
0.164874
-0.003637
0.223244
0.398460
0.244655
-0.516127
0.001332
0.054137
0.028601
-0.230747
-0.034316
-0.181724
-0.111560
0.488574
0.214325
0.229147
0.025095
0.481567
0.319080
0.137799
-0.062390
0.236060
-0.043609
-0.104598
-0.248299
-0.307413
0.035120
0.019612
-0.301005
0.136101
0.287223
0.287699
0.441646
0.024199
-0.074325
-0.109850
0.057963
-0.110489
0.248048
0.241944
-0.154474
0.477264
-0.071513
-0.301369
0.280641
-0.198000
0.532328
0.092311
0.647744
0.088409
0.765936
-0.294565
-0.024682
0.236222
0.068671
0.040902
0.175988
0.623191
0.407754
-0.381864
0.177838
-0.282833
-0.106441
0.367049
0.283195
-0.220120
0.104917
-0.302251
-0.195919
0.330336
0.136324
-0.229866
-0.231999
0.389511
-0.406294
0.168434
-0.332746
0.087440
0.007594
