0.002902
0.339175
0.502328
0.337015
0.339672
0.277318
0.400099
-0.076306
-0.415940
0.415799
-0.136154
0.012245
0.400050
-0.591362
-0.109362
0.147598
0.139358
0.050619
0.253856
-0.100247
-0.518453
0.019947
0.223505
-0.285215
0.303855
-0.472006
-0.260868
0.039308
0.207084
-0.249823
0.021175
-0.343106
-0.356471
0.148487
-0.146384
-0.769100
0.935788
-0.267551
-0.350414
-0.821775
0.719720
0.026745
-0.678432
0.307279
0.284463
0.041572
-0.872848
0.536848
-0.186081
0.021789
0.410048
-0.036380
0.216815
-0.552822
0.469966
-0.426001
0.019227
-0.366508
0.193996
0.120772
-0.462737
0.477254
0.176882
-0.781248
-0.100080
-0.695183
-0.109340
-0.849401
0.035777
0.225434
0.132155
0.372955
-0.021356
-0.602398
0.023446
-0.081495
0.115081
-0.485308
0.488752
-0.060541
-0.277179
-0.558723
-0.295922
0.016058
-0.035163
0.076813
0.569124
0.288313
0.317087
-0.176521
-0.268713
0.206091
-0.668898
0.260785
-0.083058
0.712016
0.253843
-0.387037
-0.279597
-0.923881
-0.067716
-0.176621
-0.345058
-0.037083
0.663417
-0.325826
0.622827
-0.476565
-1.156310
0.922686
0.115104
-1.040680
0.256079
0.006792
-0.425043
0.229799
0.703162
0.092056
-0.308831
-0.377265
0.315773
0.205230
-0.205617
-0.680951
0.020440
0.500901
0.495655
0.020780
0.194952
0.202480
0.603470
0.755242
0.364620
0.288798
0.319135
0.344905
-0.430015
-0.459963
0.541097
-0.381260
-0.291706
0.073510
-0.065573
-0.103655
0.332780
-0.125413
-0.427711
0.779387
-0.480682
-0.467319
-0.513366
0.374154
0.230205
-0.257426
0.854984
-0.498454
0.224505
0.298017
-0.434988
0.338163
0.101874
0.125491
0.084367
0.522039
-0.289798
0.429024
0.318143
-0.082224
0.636446
-0.266494
0.350594
0.294875
-0.595338
0.292891
-0.323866
-0.112578
0.549131
0.194542
0.015734
0.883808
-0.708527
-0.428590
0.466029
0.295830
0.168024
0.113851
-0.373255
-0.528179
0.336817
-0.012419
-0.217799
-0.011351
