0.228347
-0.226752
0.078274
0.302792
-0.479720
0.182153
-0.584923
0.717973
0.275216
-0.237927
0.487337
-0.388353
0.228307
0.255156
-0.588055
-0.275187
-0.189496
0.433582
-0.560948
-0.300969
0.258495
-0.275823
1.010230
0.074500
0.088937
0.151055
0.265865
-0.432714
-0.227708
0.635397
-0.281086
0.449312
0.285387
-0.899030
0.712532
-0.107742
-0.168029
0.284190
0.665417
-0.186498
-0.266358
-0.975186
0.013502
-0.149553
-0.204510
-0.540486
-0.535274
0.039595
0.726542
0.004388
0.046100
0.575733
-0.392417
0.246564
0.152667
-0.003905
0.280002
0.017517
-0.230404
-0.150778
0.615423
-0.283769
0.158469
0.184963
0.177785
0.449442
-0.455496
0.085275
-0.361338
-0.206660
0.259224
-0.515361
-0.199267
-0.456832
0.128876
0.199830
-0.199076
0.396542
0.581425
0.443033
-0.051431
0.398345
-0.485988
0.626207
-0.529446
0.577273
0.306949
-0.136776
0.253290
0.030134
-0.029784
-0.006670
0.159550
0.427337
0.217990
-0.313331
-0.170052
-0.407586
0.494297
-0.133930
-0.491452
-0.025218
-0.368205
0.489493
0.566179
0.614049
0.155906
-0.212264
0.089968
-0.447959
0.519725
0.028256
-0.048645
0.495422
0.240510
0.301456
-0.406650
-0.090315
-0.685128
-0.294217
0.574895
-0.242512
-0.160568
-0.476889
0.049373
-0.346620
0.440542
-0.777024
-0.212419
0.581215
-0.788716
-0.758879
0.554989
-0.279497
-0.716253
1.050270
0.414119
-0.090675
0.269645
0.154732
0.095126
0.255287
-0.165071
0.240675
-0.189901
0.020776
0.497738
-0.109565
0.471230
0.110860
-0.383081
0.136019
-0.002612
-0.228559
0.027662
0.167847
-0.666344
0.404531
-0.583478
-0.514610
0.370097
-0.519200
-0.333274
0.122976
0.125066
0.365893
-0.386415
0.100927
0.556501
0.022679
-0.355153
0.403434
0.442593
-0.345651
0.107858
-0.268177
-0.114454
-0.192139
-0.276423
-0.014292
0.489771
-0.617021
-0.236767
-0.018703
0.040780
-0.018247
-0.896581
0.278341
-0.071831
-0.592521
0.327709
-0.295045
