0.064200
0.494541
0.312885
0.316846
0.318041
0.313715
-0.376455
-0.052745
-0.136935
-0.094536
-0.181268
-0.013770
0.616538
-0.334609
-0.165223
-0.056215
-0.462269
-0.026886
0.386851
0.202585
0.020000
-0.114220
0.528616
-0.277171
-0.393875
0.014032
-0.064383
0.205296
0.171839
-0.146193
0.228001
0.114037
0.056969
-0.042510
0.170868
-0.053117
-0.160588
-0.301451
0.018834
-0.768223
-0.276377
-0.049149
0.017038
0.557388
0.118823
-0.195128
0.201481
0.342939
0.379913
0.404880
0.412226
-0.311342
-0.077166
0.402856
0.033145
0.068512
0.422475
-0.437722
-0.531009
0.099739
0.188749
0.191324
-0.145037
-0.304115
0.502436
0.443529
-0.468692
-0.142880
0.354398
-0.104743
0.306428
-0.255209
-0.134635
-0.202785
0.271789
-0.065406
-0.174289
-0.061262
0.296938
-0.413646
-0.268632
0.091215
-0.501073
0.172135
0.004715
0.574566
-0.393839
0.116087
0.414306
0.247879
0.011830
-0.180375
-0.238991
0.306330
0.186154
0.164588
0.000676
0.093182
0.342801
0.310610
-0.758422
-0.239723
0.246230
0.205322
-0.330200
-0.521829
0.722381
0.102558
0.066767
-0.445935
0.235829
-0.121187
0.314737
-0.016666
0.126914
-0.094998
-0.204777
0.239411
-0.020391
-0.359544
-0.532597
-0.012458
0.153042
-0.188214
0.520893
0.253230
0.177614
-0.471352
0.124816
-0.072653
0.008987
0.118022
0.136145
-0.274287
0.000773
0.400452
0.284508
-0.203661
0.682915
-0.569887
-0.389128
-0.085966
-0.159095
-0.150267
0.159666
0.096815
-0.162517
0.071284
-0.170123
0.052266
-0.043686
-0.477618
0.148035
0.088603
0.075652
0.004799
0.403474
-0.448695
-0.455417
-0.218153
0.113948
-0.453450
-0.240092
-0.318796
-0.165595
0.147666
0.366798
-0.502290
0.063796
-0.367838
0.029587
0.150333
-0.255676
0.284102
-0.066272
-0.386660
-0.254715
-0.373846
0.530744
0.112111
0.010243
-0.082441
-0.122875
-0.278715
-0.109244
0.435525
-0.323136
0.430114
-0.043265
0.348261
0.069743
-0.223391
