0.000000
0.000010
0.000010
0.000010
0.000000
0.000010
0.000010
0.000010
0.000000
0.000010
0.000010
0.000010
0.000000
0.000000
0.000010
-0.000000
-0.000000
0.000010
0.000010
0.000010
0.000010
0.000000
0.000010
0.000000
-0.000000
0.000000
0.000000
0.000010
-0.000000
0.000000
-0.000000
0.000010
-0.000000
0.000010
0.000000
-0.000000
0.000010
0.000010
0.000010
0.000010
0.000000
0.000010
0.000000
0.000010
0.000010
0.000010
0.000000
0.000000
0.000000
-0.000000
0.000000
-0.000000
0.000010
0.000000
0.000010
0.000010
0.000000
0.000000
0.000000
-0.000000
-0.000000
-0.000000
-0.000000
0.000010
0.000010
0.000000
0.000000
0.000010
0.000010
-0.000000
0.000000
0.000010
0.000010
0.000000
0.000010
0.000010
0.000010
0.000000
0.000010
-0.000000
-0.000000
0.000000
0.000010
-0.000000
0.000010
0.000000
0.000010
0.000000
-0.000000
0.000010
0.000000
0.000010
0.000010
0.000010
0.000010
0.000010
0.000000
-0.000021
-0.000021
0.000000
0.000000
-0.000021
0.000000
-0.000021
0.000000
-0.000021
-0.000021
-0.000021
0.000000
0.000000
-0.000021
-0.000000
-0.000000
-0.000021
0.000000
0.000000
-0.000021
0.000000
-0.000021
0.000000
0.000000
0.000000
0.000000
0.000000
0.000000
0.000000
-0.000000
-0.000021
-0.000000
0.000000
0.000000
0.000000
0.000000
-0.000021
0.000000
-0.000021
0.000000
-0.000021
0.000000
0.000000
-0.000021
-0.000021
0.000000
0.000000
0.000000
0.000000
0.000000
0.000000
0.000000
0.000000
-0.000021
-0.000021
0.000000
0.000000
0.000000
0.000000
-0.000000
-0.000000
0.000000
0.000000
0.000000
0.000000
0.000000
-0.000021
0.000000
0.000000
0.000000
0.000000
0.000000
0.000000
0.000000
-0.000021
0.000000
0.000000
-0.000021
-0.000000
-0.000000
0.000000
0.000000
0.000000
-0.000021
0.000000
0.000000
0.000000
0.000000
0.000000
0.000000
0.000000
0.000000
-0.000021
0.000000
0.000000
