-0.702908
-0.102405
-0.093390
-0.317133
0.063466
-0.689070
0.040052
-0.105786
0.253604
0.183388
-0.447101
0.256540
0.063793
0.372752
0.688848
0.360847
0.404146
-0.249019
0.271903
0.071395
0.496245
0.313161
-1.077640
-0.080666
-0.044246
0.130174
-0.666897
0.379387
-0.251011
-0.567905
0.193594
-0.410946
-0.169873
0.326684
-0.334266
0.432427
0.006204
-0.348007
-0.293510
0.535870
0.530784
0.306858
-0.231602
-0.058222
-0.115052
-0.059549
0.541289
0.079679
-0.427796
0.076549
-0.156032
0.076644
0.286259
0.441346
-0.562174
0.470317
-0.148546
-0.176873
0.298398
-0.218024
-0.392276
0.133009
0.148775
0.078993
0.048176
-0.162854
0.324580
0.292093
-0.023235
-0.038672
-0.071870
0.485595
0.348089
0.542071
0.024672
0.205645
-0.135101
-0.168815
-0.488717
-0.431802
0.101762
0.425428
0.240971
-0.218619
0.485656
-0.805535
-0.180170
0.040905
-0.689407
-0.333658
0.177913
-0.134255
0.009359
-0.529298
0.376600
-0.102421
0.007371
-0.000692
-0.203374
0.681275
0.081046
-0.170228
-0.152784
-0.367362
-0.441131
-0.148486
-0.371704
0.156608
0.278131
0.446531
-0.074042
0.480991
0.230083
-0.204198
-0.137412
0.096808
0.150116
-0.231970
0.682278
0.745367
-0.235715
0.297146
0.153989
0.597347
-0.059680
-0.062963
-0.712176
0.651645
0.127563
-0.753738
0.507951
-0.094380
-0.388089
0.458390
0.440373
-0.318267
-0.413203
0.101918
-0.328834
0.050689
0.051190
0.026465
-0.135512
0.029851
-0.078242
-0.231536
-0.288283
-0.013904
0.267326
-0.004319
0.478174
-0.139820
-0.116854
0.074421
-0.687744
0.282879
0.109943
-0.395578
0.476103
0.541441
-0.455853
0.326569
0.341835
-0.547895
-0.360051
-0.410134
-0.234011
0.052442
-0.511746
-0.084833
-0.532110
-0.447226
0.085115
0.128455
-0.417030
0.396959
0.030916
0.350812
-0.069858
-0.376487
-0.334743
0.713320
0.205647
0.119540
0.204507
0.222872
0.502894
-0.301019
0.346035
0.162366
-0.148590
-0.188428
