-0.005199
0.087766
0.467483
0.225071
0.578988
0.347143
0.145882
-0.123750
0.304725
0.198092
-0.381627
-0.169236
0.401378
-0.195901
0.283558
-0.445551
-0.019696
-0.027367
0.468513
0.204880
-0.171607
-0.179778
0.348102
-0.015034
-0.149601
-0.523867
-0.188077
-0.094121
0.704077
0.318504
0.544014
-1.091890
-0.047907
1.036830
-0.672182
-0.419584
0.200276
0.036492
-0.656499
0.257787
0.326846
0.390992
0.289901
-0.147835
0.789148
0.196207
-0.059456
0.272114
-0.817582
0.443481
0.169045
-0.242598
0.420678
-1.022970
-0.213784
-0.586356
0.013100
-0.117652
0.577900
0.450268
-0.455503
0.338835
-0.002692
-0.578528
0.018332
-0.130632
-0.115619
-0.228779
0.581437
-0.092778
0.214992
0.482397
-0.031346
-0.030853
0.090564
-0.419094
0.224125
-0.365507
0.228389
-0.417803
-0.331499
-0.550200
0.048616
0.009130
-0.313465
-0.133374
0.050387
0.022612
0.124541
0.274379
-0.114359
0.826677
-0.605986
-0.215914
-0.123019
0.773579
0.568438
-0.005887
-0.366402
-0.474393
0.465188
-0.206121
-0.029344
-0.306573
-0.090105
0.065642
0.020385
0.059494
-0.909118
0.084884
-0.500214
-0.277697
-0.097929
-0.554585
0.116538
-0.500275
0.071402
-0.303017
0.218103
-0.000694
0.239634
0.319498
0.070808
-0.181170
-0.228299
0.541294
-0.515217
0.317038
0.352614
-0.204722
0.418540
0.287105
-0.190328
0.220867
0.493118
-0.297376
-0.340601
-0.028096
0.391023
-0.454238
-0.319776
0.065007
0.300562
-0.547057
-0.057847
-0.401869
-0.481936
0.690606
-0.092870
-0.579555
0.203198
0.044152
-0.024325
0.328473
-0.040971
-0.687145
0.574982
-0.291727
0.514099
0.703295
-0.759182
-0.169791
0.521911
0.120710
-0.312377
-0.245673
0.405757
-0.177147
0.336660
0.125064
0.158026
-0.150209
-0.240367
0.024492
-0.220805
0.269356
0.110680
0.430421
0.118590
0.493607
-0.673827
0.050656
0.193433
0.663752
-0.039377
-0.316341
-0.121562
-0.193344
-0.237872
-0.109559
-0.294783
0.316013
