0.025022
-0.212752
0.473467
-0.152823
0.285676
-0.123112
0.360092
-0.035272
-0.455183
-0.165249
0.033848
0.376325
-0.436228
-0.281994
-0.017393
-0.563764
0.337547
-0.276517
0.166896
1.251060
-0.085933
0.180960
-0.459660
-0.099547
0.233515
-0.621192
0.452547
0.263187
-0.063592
0.050374
0.844127
-0.087860
-0.045427
0.486703
-0.740131
0.062573
-0.191481
-0.544832
-0.229770
0.696365
0.207368
0.066484
0.356146
-0.824438
-0.001551
-0.093668
0.151743
-0.073024
-0.261644
0.887246
-0.387825
-0.217908
-0.255143
-0.551577
0.132608
0.151759
-0.300735
-0.055177
-0.009825
-0.141416
-0.017896
0.383080
0.075810
-0.642661
-0.268199
-0.489491
0.006585
0.165985
0.336856
-0.187422
0.479884
0.464059
0.467354
0.071244
0.044318
0.071314
0.010220
0.612015
-0.413370
-0.176947
0.156329
-1.038200
0.442785
-0.197635
0.326505
-0.337788
-0.268992
0.151215
-0.230929
0.488159
0.221696
0.064050
-0.445438
0.213209
-0.189853
0.304398
0.173811
0.354982
0.070196
-0.154826
0.387595
0.537183
0.374402
0.104810
-0.300694
0.006793
0.180342
0.057808
-0.445856
0.314311
-0.616518
-0.272706
0.306945
-0.738817
-0.292711
-0.384678
-0.326639
0.051449
0.412970
-0.044804
0.554511
0.126177
-0.156856
0.253321
-0.255501
0.563020
-0.628901
-0.124483
0.031587
-0.463818
0.736591
0.163669
-0.027770
0.059511
0.292161
-0.872692
-0.007069
-0.058959
0.032404
-0.178170
0.324149
-0.097730
-0.451506
-0.158480
-0.150485
-0.047460
-0.444257
0.035455
-0.403691
-0.052060
-0.193308
0.107623
-0.088741
-0.340262
0.444916
0.569267
0.775883
-0.486925
0.140695
-0.330418
0.207336
0.346680
0.188535
-0.343844
-0.122480
-0.493370
0.203204
0.054293
-0.091197
0.041569
0.093335
-0.015827
-0.642747
0.129464
0.139638
-0.061810
-0.285429
0.256553
0.695236
0.053163
0.136682
0.217065
-0.390807
0.372608
-0.184561
0.351391
0.547732
-0.408606
-0.127018
0.206087
-0.503214
0.361348
