0.464542
0.093252
-0.433244
0.195308
0.029493
0.789249
0.155402
-0.225520
-0.010380
0.357159
-0.304252
-0.311806
0.340191
-0.291533
-0.009633
0.433080
-0.518759
0.199409
-0.126459
-0.696085
-0.522253
-0.115539
0.446936
-0.147183
-0.101640
0.333818
0.116256
-0.366335
0.348257
-0.273617
-0.751562
-0.504762
-0.554613
0.249368
0.004485
-0.620851
0.630488
0.732418
0.164629
-0.423318
-0.071971
0.327679
-0.375277
0.956030
0.380328
0.146063
-0.363293
0.203248
-0.025953
-0.803906
0.123467
-0.224608
0.520855
0.129295
0.010039
-0.699805
0.308116
0.223130
-0.079195
0.543143
-0.470005
0.038353
-0.197261
0.404208
0.125101
-0.085877
-0.179636
-0.571813
0.335799
0.377504
-0.261755
-0.608131
-0.517791
-0.129456
-0.111412
-0.386922
0.220710
-0.731761
0.449190
0.248543
-0.034621
0.602025
-0.281124
-0.085162
-0.302004
0.410732
-0.264169
-0.099223
0.620872
-0.068066
-0.472801
0.023157
-0.153166
0.032863
-0.386587
-0.119210
-0.049476
-0.374662
-0.173254
-0.431618
-0.078473
-0.262981
0.109653
0.038306
0.629221
-0.416842
-0.148139
-0.077175
-0.136679
0.230057
0.130780
-0.494882
-0.083115
0.412895
-0.225355
0.101334
0.490449
0.236980
-0.400025
-0.195713
-0.417205
0.048001
0.027030
-0.491362
0.063947
-0.071263
0.661951
0.178992
-0.173396
0.488720
-0.439233
0.642167
0.138517
0.024482
0.045844
0.643581
-0.271585
0.177753
0.407444
-0.008034
-0.789897
-0.337492
0.407278
-0.155050
0.272881
0.038145
0.195278
0.235258
0.076411
-0.009699
-0.050187
0.075558
0.213388
0.263645
-0.007146
-0.742968
-0.120613
0.780768
-0.116833
0.291724
-0.223093
0.038596
-0.268903
0.697412
0.222082
0.591056
0.130560
-0.224485
0.347989
-0.109903
0.010534
0.046062
0.125712
0.018648
0.002273
0.140191
0.658930
-0.062695
-0.446315
0.356591
-0.527247
-0.210525
0.338046
-0.526553
0.046667
-0.222320
-0.347370
0.168077
0.307994
0.035260
0.465149
0.020602
