-0.847511
-0.041426
-0.113913
-0.516492
-0.060497
-0.756222
-0.492317
0.483656
0.862132
0.048457
-0.139688
-0.068360
0.035323
0.558005
0.377118
0.677880
-0.213838
-0.099299
0.370211
-1.029790
0.880170
0.050341
-0.463636
0.191771
-0.036548
0.348073
-0.836729
0.080709
-0.408931
0.014432
-0.337688
-0.006004
0.480491
-0.238833
0.623587
1.144040
-0.547561
0.230330
0.192232
-0.074553
0.029804
-0.352954
0.077000
0.041061
-0.493203
-0.149835
0.535615
-0.500022
-0.017116
-0.356043
0.561693
0.455082
0.153734
0.544189
-0.544198
0.644496
-0.207154
0.101262
0.596563
-0.577446
0.269923
-0.535201
0.373000
0.599790
-0.043725
0.569333
0.334646
0.681073
-0.608480
-0.361277
-0.121295
0.356159
0.099140
0.526299
0.254413
0.194959
-0.049502
-0.330672
-0.012782
-0.504672
0.148352
1.121560
0.090629
0.519218
-0.297938
-0.485874
0.101333
-0.062698
-0.551918
-1.131890
0.063551
-0.242875
0.492592
-0.494077
0.837890
-0.065240
0.161614
-0.238698
0.177511
1.153750
-0.096414
-0.495758
-0.477369
-0.542042
-0.396828
0.633691
-0.197323
-0.247766
0.386880
-0.201773
0.317260
0.690474
-0.209377
0.466538
0.279718
0.497294
-0.022710
-0.285916
0.307559
0.795506
-0.390580
0.085101
0.226580
0.212490
0.358891
-0.329324
-0.423289
0.571602
0.077831
0.090228
-0.630856
-0.854532
-0.252899
0.339992
-0.260432
0.308079
-0.219826
0.080165
-0.282123
0.085375
0.724680
0.481665
0.194582
0.263284
0.078872
-0.357273
0.047333
-0.297034
0.354673
-0.185067
0.268863
-0.258461
-0.087474
0.289952
-0.930415
0.035904
-0.829508
-0.118149
0.210758
0.137362
-0.264717
-0.583136
-0.006647
-0.663331
0.140742
-0.057744
-0.663970
0.381338
-0.222118
-0.287033
-0.930006
-0.465778
1.099010
-0.230746
-0.251473
0.244952
-0.165721
-0.297493
-0.620620
-0.619524
0.165758
0.184945
0.115703
0.258068
0.659554
0.065297
-0.396802
0.311544
-0.031998
-0.209103
0.079307
-0.606493
