-0.450796
-0.027901
0.408746
-0.691764
0.626502
-0.021558
0.313196
0.346275
-0.467221
-0.619517
-0.261144
0.230311
-0.168737
-0.675849
-0.320255
0.018959
-0.823102
-0.387789
0.420611
0.382017
0.281596
0.333706
-0.363167
-0.565620
-0.086782
-0.084200
0.592954
0.403320
-0.821514
-0.394663
0.267288
0.326474
0.362564
0.073886
0.121144
0.624450
-0.608603
-0.544882
0.718820
-0.360126
0.043330
-0.260905
0.105481
-0.143341
-0.405235
-0.642336
0.415326
0.035793
0.352695
0.474119
0.023750
0.057727
-0.494992
0.658421
0.556891
0.829229
-0.083324
0.254653
0.040496
-0.391658
0.077804
0.142151
0.689616
-0.347691
-0.160696
0.274136
-0.078327
0.667902
-0.110583
-0.437256
0.951410
-0.056329
0.133361
-0.425893
0.818854
0.255769
-0.306861
0.142389
-0.396386
-0.104595
0.395999
-0.084201
0.711424
0.249117
-0.226538
0.272277
-0.649826
0.300007
-0.449387
-0.478327
0.065378
-0.693274
-0.355950
0.273932
0.537033
-0.122708
0.323937
-0.079686
0.840427
0.942422
-0.495480
-0.004975
0.495721
0.159909
-0.701450
-0.378926
0.467282
-0.280172
0.335115
0.500840
-0.057663
-0.404525
0.253653
-0.115889
-0.732191
-0.028981
-0.556323
0.133216
0.384668
0.225801
0.280599
-0.125457
-0.251323
-0.007457
0.263231
0.637654
-0.619423
-0.403470
-0.672991
-0.060021
-0.048119
0.077503
0.639645
0.406114
-0.065504
0.116788
0.366489
0.071682
0.413694
-0.266974
0.901235
0.520481
-0.673897
0.165161
0.133350
-0.180832
-0.280567
-0.622272
-0.246471
0.135821
-0.179736
-0.366327
-0.051415
-0.100510
-0.025023
0.963898
0.019280
-0.628244
-0.383142
-0.454521
0.998957
-0.330932
-0.084429
-0.858801
-0.014180
0.019696
-0.431816
0.048929
0.183450
-0.484445
-0.716125
-0.286041
-0.070565
0.054177
0.408427
0.185623
-0.583403
-0.257121
0.499908
-0.717905
0.406262
0.214655
-0.548448
-0.187077
0.100343
0.835772
-0.075664
0.226650
0.355960
0.012228
-0.120046
-0.417176
