-0.163968
-0.384477
-0.109945
1.001000
0.231247
-0.194742
0.534611
-0.519273
-0.407286
-0.089315
-0.076977
0.353999
0.282656
-0.268463
0.846471
-0.280762
0.798663
0.227507
-0.281505
0.664107
0.179496
-0.169963
-0.018590
-0.113667
-0.233996
-0.137405
0.133851
-0.203657
0.610437
-0.273368
0.507519
-0.253379
-0.351444
0.169909
-0.502365
-0.371429
0.298334
-0.295613
-0.377999
0.278343
0.215210
-0.074318
0.042644
-0.138683
0.189467
0.182239
-0.601057
0.341367
-0.369691
0.336330
-0.140998
0.127594
0.075554
-0.839506
0.383838
-0.716641
-0.366725
0.122761
-0.106223
0.272068
-0.799535
0.197093
-0.265045
-0.049981
0.027523
-0.817123
0.128696
-0.570756
0.251593
0.563825
-0.082762
-0.235247
0.354414
-0.507975
-0.104479
-0.196345
0.178671
0.076975
-0.408555
0.231149
-0.090460
-0.868858
0.136601
-0.138599
0.262795
0.008799
0.679791
-0.360213
0.155147
0.500695
-0.453288
0.516247
-0.141944
0.035915
-0.134146
-0.198455
-0.444203
0.188022
-0.122759
-0.414557
0.305211
-0.292377
-0.316853
-0.075118
0.823775
0.103999
-0.298937
0.212452
0.062705
0.189439
-0.340336
0.305005
0.145683
-0.483426
-0.318938
-1.404950
0.342338
-0.312009
0.302979
-0.982393
0.277200
0.783417
-0.516678
-0.157727
-0.425957
-0.113051
0.656349
-0.177059
0.208671
-0.145308
0.157646
0.191385
-0.012997
0.490503
0.185260
-0.706270
-0.114046
-0.047344
-0.030438
0.116814
-0.615681
-0.171138
-0.135436
0.355678
-0.130357
-0.043449
0.031088
0.288560
0.268961
0.141950
-0.133430
0.591596
0.125209
-0.603932
0.397252
-0.079063
0.176327
-0.046826
0.396459
0.856002
0.148071
0.649264
0.379613
0.015888
-0.248681
-0.283904
0.444170
0.009410
-0.217576
0.131446
0.653342
-0.156445
-0.657926
-0.077886
0.307001
-0.029692
0.512946
1.366630
-0.619735
0.049832
-0.881454
0.775500
0.136348
-0.065234
-0.006754
-0.391702
0.338986
-0.480578
0.288607
0.036924
-0.004127
0.556861
