0.471636
-0.010882
0.287866
0.960778
0.280494
0.787898
0.300277
-0.069115
-0.744711
-0.408951
-0.069826
0.343334
0.305510
-0.429369
0.182708
-0.331251
0.169233
0.072359
0.155512
0.881508
-0.309335
-0.448487
-0.010929
0.296031
-0.068801
-0.202604
0.330794
-0.290894
0.469488
0.150448
0.129836
-0.106829
-0.463352
0.144963
-0.105741
-0.566555
0.189935
-0.426837
0.105683
-0.082639
0.066722
0.091771
0.096285
-0.046725
0.579723
-0.169656
-0.373570
0.224665
-0.324566
0.911825
0.229437
-0.424101
0.108300
-0.699543
0.935831
-0.822467
-0.051549
0.053777
-0.456248
0.785254
-0.321744
0.294253
-0.184603
-0.072332
-0.297906
-0.144933
-0.394486
-0.285552
0.223193
0.211867
0.183318
-0.274633
-0.221849
-0.059340
-0.018288
-0.019876
0.331723
-0.248217
-0.347756
0.071619
-0.293103
-0.764512
0.343774
-0.186107
0.439864
0.405612
0.533922
-0.112059
0.547740
0.807320
-0.302880
0.211028
-0.163066
0.120031
-0.076880
0.170116
0.265573
0.186807
0.181125
-0.282797
-0.408275
-0.165633
-0.235376
0.316342
0.267114
-0.526009
0.177380
-0.044547
-0.066646
0.278966
-0.748166
-0.400233
0.087711
-0.445169
-0.335144
-1.220030
-0.245820
0.001103
-0.295876
-0.905081
0.315246
0.725602
-0.620192
-0.437899
-0.408637
0.204462
0.765506
-0.419036
0.071778
0.338470
0.183017
0.042691
0.063420
-0.139070
0.296189
0.008964
-0.235784
-0.210261
0.489121
-0.745710
-0.386485
-0.632057
0.022987
0.259312
0.186624
0.278170
-0.444655
-0.131231
0.077608
-0.006960
-0.119289
0.345270
0.426979
-0.416192
0.223786
-0.037461
0.658093
-0.259593
0.089888
0.533031
0.165427
0.530295
-0.086680
0.300490
-0.426426
-0.330221
0.787916
-0.239229
-0.082408
0.118726
0.266397
0.372322
-0.755961
0.006085
0.270948
-0.494506
0.337915
0.888260
-0.429343
-0.291015
-0.470467
0.545700
-0.067027
-0.303936
-0.415483
0.094588
0.369019
-0.244995
0.139659
-0.078379
0.224579
0.215124
