-0.265333
0.236354
0.395714
0.154039
-0.383569
-0.226185
-0.399296
0.001006
0.018371
-0.372467
0.277075
-0.053477
0.495794
0.569486
-0.635095
-0.575515
-0.137759
0.308837
-0.194752
-0.051791
0.177776
0.488091
-0.197216
-0.326873
0.264000
-0.066389
-0.558846
0.331554
-0.729585
0.173201
0.304532
0.397791
0.176862
-0.628121
0.587849
-0.089728
0.355617
-0.676508
-0.474646
-0.390128
-0.131669
-0.614756
-0.293491
-0.158373
-0.415326
-0.519658
-0.067014
0.096753
0.983242
-0.170679
-0.082815
0.221372
-0.241422
0.412635
-0.381709
0.529806
0.475213
-0.691717
0.078921
-0.231960
0.321128
0.093073
0.182785
-0.174124
0.679965
0.316410
-0.006852
-0.286537
-0.744874
-0.323996
0.198650
0.155224
0.327890
-0.409282
-0.402749
0.424884
-0.185111
0.065664
0.226842
-0.297723
-0.185998
0.597762
-0.568941
0.105160
0.149556
0.098497
0.082874
0.450704
-0.484758
-0.364807
0.103801
-0.282053
-0.057103
0.099391
0.585937
0.005701
-0.261002
-0.149806
0.301655
0.439382
-0.632861
0.252855
-0.254159
0.265276
0.063319
-0.168292
0.522312
-0.044930
0.041787
0.025032
0.838048
-0.285003
0.444588
0.180635
0.054347
0.888877
0.118296
0.165916
-0.226278
0.011595
0.046392
-0.385047
0.360577
0.150923
0.195283
0.070708
-0.078910
-0.380354
0.082573
0.077357
0.363496
-0.637402
0.252724
-0.409346
-0.014011
0.484693
0.205416
-0.353372
-0.028259
0.096924
0.224815
0.183212
-0.491506
0.398692
0.005719
0.275360
0.150711
-0.196557
0.293592
0.056717
-0.043008
-0.058156
-0.112503
-0.108890
0.016005
0.417371
-0.346246
-0.228922
-0.329175
-0.174592
0.360459
-0.026984
0.023512
-0.247256
-0.345658
-0.002604
-0.305696
-0.144333
0.126414
0.069147
-0.297351
0.157470
0.048347
0.226263
-0.804314
-0.230877
-0.194122
-0.432180
0.745004
0.277316
0.466704
-0.221268
0.248192
0.205802
0.269320
0.677984
-0.623635
0.027395
0.175226
-0.157743
0.047507
-0.317651
