0.473087
0.082910
-0.540404
0.609392
0.258105
0.443165
0.846482
-0.882020
-0.660646
0.208442
-0.279514
0.214855
0.051732
-0.628552
0.469680
0.328945
0.381327
0.169859
-0.281076
0.254262
-0.596863
-0.202496
0.046078
-0.203521
-0.390359
0.282724
0.583973
-0.090139
0.686954
-0.797372
-0.251141
-0.234608
-0.601158
0.085843
-0.495124
-0.845120
0.578183
0.025287
0.041721
-0.263348
0.151419
0.730495
-0.425069
0.815060
0.394981
0.460467
-0.511133
0.611842
-0.149757
-0.248506
-0.189585
-0.263492
0.167082
0.048406
0.543472
-0.848879
0.121021
0.161930
-0.741488
0.490547
-0.741878
0.390909
-0.443916
0.083207
0.089529
-0.776698
0.001000
-0.848182
0.531851
0.859937
-0.455386
-0.822205
-0.205878
-0.291206
-0.081619
-0.388199
0.088184
-0.296708
-0.127780
0.679562
-0.119663
-0.537203
0.006569
-0.575894
0.388122
0.346398
0.215761
-0.055263
0.693698
0.601833
-0.380533
0.106665
-0.063366
0.230570
-0.550618
-0.362282
-0.446627
0.246383
-0.374376
-0.836573
0.170111
-0.214204
0.284131
0.075766
0.565050
-0.971108
-0.318876
0.208844
0.268471
0.352373
-0.172633
-0.058190
-0.063218
-0.249835
-0.424858
-0.850333
0.445180
0.276323
0.060052
-0.662852
-0.347535
0.207256
-0.397754
-0.143383
-0.077108
-0.237432
0.855493
0.077739
-0.151091
-0.314043
0.183735
1.196800
0.016254
0.211941
0.281043
-0.378361
0.020382
-0.024956
-0.007315
0.196931
-0.980552
-0.424011
-0.010819
0.040229
0.118141
0.178521
0.231640
0.285507
-0.166151
0.407657
-0.119681
0.105532
0.221452
-0.156495
0.675087
-0.361740
0.217502
0.327175
0.020242
0.415084
0.289630
0.749149
0.024306
0.557614
-0.028838
0.301534
0.517419
-0.373086
-0.089106
-0.026753
0.891508
0.115636
-0.897883
0.143202
0.483026
0.082393
0.537574
0.507586
-0.333488
0.267101
-0.788612
0.302743
0.125597
-0.815935
-0.454038
-0.508439
0.623967
-0.260123
0.329188
0.371672
0.082500
0.383357
