0.498936
-0.220947
-0.452089
0.335437
-0.117742
0.315708
0.178658
-0.229540
0.224338
0.903463
-0.153353
-0.173811
-0.185766
-0.002833
0.710728
0.230697
0.608753
0.095840
-0.052969
-0.213303
-0.535939
-0.432243
0.477940
0.520310
-0.038063
-0.030390
-0.082330
-0.423616
1.058390
0.161029
-0.433901
-0.683298
-0.348466
0.677421
-0.384623
-0.458391
0.531535
0.794748
-0.291694
0.163613
0.211173
0.867544
-0.080810
0.303562
0.806419
0.849552
-0.258881
0.089580
-1.055470
-0.312545
0.020414
-0.368553
0.589972
-0.900297
-0.060088
-0.907173
-0.241897
0.354067
0.087314
0.503531
-0.335732
-0.098738
-0.521837
0.069676
-0.196900
-0.536331
0.120225
-0.412344
0.619302
0.418784
-0.738983
0.227907
-0.352315
0.568171
-0.224580
-0.597564
0.344088
-0.223011
0.284140
0.307725
-0.132937
-0.405932
-0.129060
-0.297936
-0.061820
-0.157731
0.416105
-0.436455
0.667990
0.712288
-0.074539
0.896976
-0.038118
-0.326975
-0.734838
0.199912
-0.050590
-0.043191
-1.118210
-1.423120
0.727100
-0.096788
-0.054001
-0.388887
0.471772
0.259913
-0.621016
0.125896
-0.593828
-0.221719
-0.619950
0.031138
-0.529238
-0.045794
0.492464
-0.318084
0.382795
-0.024361
-0.304092
-0.046787
-0.068255
0.158120
-0.050111
-0.135542
-0.391885
-0.283402
0.447475
0.672112
0.424965
0.086461
0.078933
0.660555
-0.469855
-0.013319
0.132990
-0.506700
-0.494309
0.140927
-0.331431
-0.015112
-0.956720
-0.369845
0.837712
-0.721806
-0.160455
-0.123670
-0.051869
0.754961
-0.324850
-0.384234
0.221526
0.274399
0.080940
0.539509
0.303262
-1.225940
0.396123
0.713774
0.318661
0.484173
-1.276410
0.220930
0.154239
1.091780
0.118941
0.148254
0.693060
-0.049194
0.026390
0.214677
0.979267
0.118167
-0.116860
-0.040216
0.101944
0.070650
0.635448
0.345093
-0.596598
0.623364
-0.660089
-0.320058
0.332321
0.151606
-0.345241
-1.148580
0.307163
-0.233833
-0.433889
-0.111925
-0.090782
0.592430
