0.189832
1.003020
0.077048
0.313942
0.259495
0.121609
0.287006
-0.740020
-0.050112
0.419359
-0.080354
0.155863
0.388993
-0.158638
0.245729
0.539846
0.602567
0.352882
-0.149216
-0.813942
-0.562763
-0.341728
-0.027621
0.107111
-0.085417
-0.040247
-0.399125
0.067330
0.684369
-0.523910
-0.568424
-0.422807
-0.361445
-0.290117
-0.014461
-0.903371
0.865817
-0.190357
-0.563771
-0.611993
0.847580
0.675727
-0.971766
0.996853
0.299378
0.725968
-0.776875
0.759732
-0.208481
-0.329508
0.729704
0.091385
0.598824
-0.046063
0.194693
-0.557709
0.320292
-0.755998
-0.383196
0.282735
-0.660225
0.624495
-0.305975
-0.327837
0.024634
-0.385730
0.163181
-1.060690
-0.042313
0.740661
-0.757401
-0.045144
-0.118059
-0.183637
-0.359716
-0.077237
-0.019567
-0.822302
0.253073
0.420537
-0.594420
-0.440263
-0.401620
-0.438806
0.320994
-0.219808
1.025300
0.301074
0.450616
-0.138214
-0.231355
0.251903
0.321641
-0.057767
-0.207291
0.713844
0.306005
0.137794
-0.602151
-0.765290
0.322541
-0.550626
-0.553307
-0.388175
0.276031
-0.697119
0.047925
-0.350438
-0.653296
0.629523
0.189881
-0.057566
-0.289301
-0.252839
-0.092742
-0.071922
0.914631
-0.074594
-0.093370
-0.340739
-0.263770
0.171598
-0.096156
-0.373358
0.089218
0.056097
0.595334
0.532194
0.207400
-0.385261
0.564475
0.683078
-0.243685
0.139071
0.486472
0.260422
-0.339498
-0.530008
0.045438
-0.020410
-0.497013
-0.052988
0.262213
0.056607
0.599018
-0.052940
-0.143702
0.865965
-0.328771
-0.152366
0.162099
-0.016053
0.277485
-0.297816
0.414517
-0.619476
-0.214701
0.079322
0.019296
0.973102
0.053190
0.508658
0.223586
0.472827
-0.337552
0.449085
0.048988
-0.259165
0.256332
-0.066385
0.277055
0.363596
-0.573087
0.037846
-0.352618
0.048018
0.359108
0.213883
-0.338943
0.511945
-0.858486
-0.226678
0.573265
-0.001143
0.115159
-0.596145
0.248829
-0.438259
0.226895
0.407775
-0.263935
0.021205
