-0.169759
-0.598171
0.180837
0.060975
-0.255293
-0.267721
-0.489550
1.043330
0.682717
-0.219131
0.230036
-0.281779
0.015825
0.073868
-0.185139
-0.043455
-0.368339
0.196575
-0.078762
-0.700066
0.706954
-0.309204
0.536942
0.124972
0.116047
0.000122
-0.051607
-0.532731
-0.254726
0.646093
-0.152019
0.113404
0.435826
-0.619352
0.865959
0.580284
-0.676682
0.424111
0.649105
0.010683
-0.262960
-1.235500
0.532589
-0.524199
-0.572868
-0.540327
-0.350993
-0.602416
0.438095
0.220057
0.617072
0.856417
-0.371191
-0.234385
0.200181
0.016433
-0.409699
0.461262
0.318405
-0.670415
0.728737
-0.608914
0.299686
0.487578
-0.167481
0.342560
-0.080218
0.413775
-0.606003
-0.397473
0.343775
-0.302105
0.114531
-0.121803
0.417536
0.094029
0.008728
0.212781
0.455156
0.096573
0.127334
0.477873
-0.061487
1.096130
-0.804305
0.246097
0.369157
-0.294412
0.009662
-0.825846
-0.194986
-0.061621
0.146603
0.257676
0.698204
-0.222190
0.043385
-0.309472
0.770070
0.450313
0.003966
-0.269742
-0.539582
0.041873
0.535947
1.166900
0.089371
-0.527802
-0.195533
-0.415531
0.200798
0.296234
-0.243481
0.516983
-0.038457
0.016944
-0.400638
-0.327349
-0.192701
-0.027611
0.589802
0.169053
-0.277176
-0.622426
0.212151
-0.028346
0.193225
-0.342347
-0.188811
0.864419
-1.394610
-1.049090
0.366141
0.224426
-0.740750
0.566190
0.220520
0.084579
0.169038
0.179907
0.902857
0.573133
-0.119730
0.589078
0.024269
-0.462027
0.449644
-0.259146
0.556226
-0.092213
-0.553164
0.252598
0.145949
-0.268684
-0.173409
0.396157
-1.130830
0.347262
-0.111600
-0.552952
0.588382
-0.702760
-0.292024
-0.442010
0.496726
0.203813
-0.728033
0.566029
0.496390
-0.230569
-0.806309
-0.135397
0.968939
-0.525494
0.354007
-0.098161
-0.075469
-0.095837
-0.759294
-0.435824
0.396918
-0.355178
-0.245790
0.360016
0.796167
0.091529
-1.105720
0.450126
-0.183857
-0.702389
0.196404
-0.421613
