0.570515
0.124724
0.218572
1.001080
-0.030139
0.891425
0.263459
-0.265171
-0.772195
0.335235
-0.175778
0.011307
0.650383
-0.138646
0.189777
-0.300329
0.190484
0.331660
-0.123898
0.406382
-0.671529
-0.153156
0.446609
-0.272310
-0.016018
-0.002030
0.207276
0.003508
0.357588
-0.305086
-0.417989
-0.399406
-0.526294
0.177941
0.016712
-1.048160
1.004120
-0.365461
0.073017
-0.712404
0.249407
0.456693
-0.559379
0.812802
0.773796
-0.023189
-0.559606
0.671771
-0.015702
0.079820
-0.122527
-0.540996
0.328847
-0.319321
0.258933
-0.892372
0.486986
-0.347011
-0.595605
0.720656
-0.432089
0.551196
-0.223567
-0.371824
0.322566
-0.430375
-0.323473
-0.949209
0.523327
0.191840
0.112168
-0.217237
-0.244433
-0.433539
-0.082524
-0.323075
0.111273
-0.239819
0.222669
0.230131
-0.176349
-0.422336
-0.400427
-0.189681
0.158851
0.470018
0.285831
-0.062201
0.597640
0.739408
-0.186668
0.391257
-0.557206
0.150940
-0.378431
0.148135
-0.176440
-0.283187
-0.394576
-1.071770
-0.248523
-0.025006
0.062230
0.513910
0.551925
-0.754294
0.484203
-0.188613
-0.667033
0.372708
-0.292579
-0.807323
0.096453
-0.109074
0.038698
-0.207159
0.217707
0.304535
-0.539364
-0.746240
-0.023541
0.192388
-0.258113
-0.508278
-0.174491
0.230218
0.839803
-0.247677
0.146991
0.268839
0.457550
0.668962
0.430435
-0.209312
0.277899
0.422714
-0.167593
-0.287138
0.915785
-0.598205
-1.087000
-0.800508
0.295185
-0.383915
0.117736
0.040327
-0.437114
0.625939
-0.514018
-0.124787
-0.252334
0.170895
0.321357
0.110027
0.886215
-0.457455
0.646345
0.378421
-0.522143
0.232554
-0.395328
0.455991
-0.080236
0.917714
-0.312400
0.300293
0.945982
-0.384045
0.438539
-0.138064
0.549662
0.517334
-0.798532
0.274292
-0.218060
-0.416578
0.481046
0.490537
0.034294
0.615809
-0.511269
-0.309291
0.191679
-0.174451
-0.457250
-0.069013
-0.068870
-0.264469
0.219489
-0.061240
-0.031007
0.300725
