-0.258926
0.097126
0.200528
-0.923156
0.442795
-0.198621
0.348950
0.477740
-0.016438
-0.789906
0.380913
0.342888
-0.847207
0.008660
-0.531858
0.463261
-0.214267
-0.186114
0.047150
-0.293616
0.151660
0.093496
-0.780993
0.500868
0.248618
0.040939
0.226378
0.063331
-0.683205
0.306823
-0.883856
0.470897
0.600104
-0.468655
0.698158
0.443974
-0.439117
0.185083
0.450677
0.408057
0.019476
-0.267762
0.431318
-0.410515
-0.295354
-0.323978
0.043534
-0.842970
0.250265
-0.357845
0.279830
0.239956
0.282398
-0.098882
0.467164
0.205691
-0.363838
0.558307
0.628808
-0.428143
0.328876
-0.618768
0.655008
0.270758
-1.088020
0.430857
0.597486
0.483448
-0.936701
-0.288829
0.189940
-0.101756
0.419614
0.025229
-0.218479
0.268791
0.353493
-0.009712
-0.479315
0.039338
0.465397
-0.099214
1.064060
0.328373
-0.442990
-0.155124
0.300693
0.594225
-0.724057
-1.084870
-0.063430
-0.397376
0.761423
-0.193719
0.323482
0.296991
0.467541
0.132759
0.496634
0.681012
0.576139
0.236986
-0.042776
-0.194270
-0.083031
0.443672
-0.282282
-0.842386
0.055288
0.654633
-0.149547
-0.215493
-0.259888
-0.063304
-0.332428
0.513253
-0.221665
0.064263
-0.234737
0.405771
0.492003
-0.125862
-0.362505
0.055897
-0.139467
0.043058
-0.572778
0.054501
-0.632775
0.432883
-0.612609
-0.517384
0.312562
0.065071
-0.268256
0.104202
-0.121180
-0.033872
-0.183221
0.474761
1.775940
0.363363
-0.370876
0.593669
0.686874
0.125949
0.081765
-0.632449
-0.091848
-0.085249
-0.618321
0.174318
-0.055387
-0.703086
-0.364513
0.696084
-1.071940
0.276119
0.028839
-0.244970
1.030360
-0.126326
-0.118293
-0.327416
0.581785
-0.256685
-1.239930
0.633717
0.346223
0.002800
-0.917636
0.138266
0.333610
-0.533505
0.132383
0.113746
-0.414559
-0.313232
-0.380609
-0.804762
0.430330
-0.399234
-0.261335
0.565511
0.315866
0.216179
0.149156
-0.296225
-0.146458
-0.213079
-0.140347
-0.431456
