-0.455784
-0.342160
0.106242
-0.708921
0.281091
-0.470845
0.392556
0.064026
-0.085609
0.033936
0.198100
0.644018
-0.931888
-0.294953
0.244715
0.307130
0.339777
-0.223605
0.139623
0.936657
0.452943
0.296738
-0.578425
-0.175960
0.078461
0.063437
0.624091
0.127705
-0.379744
-0.423504
0.472557
0.612703
-0.011975
0.001998
-0.779673
0.811441
-0.425670
0.057254
0.298293
0.415010
0.177229
-0.057512
0.155175
-0.394821
-0.721248
-0.148755
0.409601
-0.438672
0.143388
0.275323
-0.276356
0.045480
-0.439417
0.395652
-0.388374
0.511977
-0.319302
0.258757
0.476577
-0.634629
-0.207974
0.130795
0.272814
-0.217125
-0.257536
-0.672261
0.052271
0.246669
0.467605
0.031177
0.422292
0.512007
0.471685
0.009407
0.541768
-0.228122
0.283860
0.931992
-0.389859
-0.100515
0.890744
-0.420346
0.464848
0.408648
0.081659
-0.302548
-0.500544
-0.019498
0.028327
-0.124675
-0.212632
-0.421493
0.003390
0.490010
-0.208614
-0.071841
-0.325564
-0.032319
0.096627
0.326927
0.379527
0.205972
0.637310
-0.057373
-0.030212
0.392485
-0.014613
-0.145840
0.199763
0.203388
-0.180846
0.082279
0.306826
-0.197995
-0.267392
-0.069690
-0.155693
0.377364
0.550559
0.088483
-0.081506
-0.198321
-0.281256
0.446072
0.139900
-0.368226
-0.235026
-0.113839
-0.346332
-0.186670
-0.002236
0.343628
0.080097
0.424665
-0.458886
-0.637330
-0.134557
-0.097961
0.016647
0.300801
0.195965
0.123791
-0.694852
-0.073004
0.078240
-0.328744
-0.102399
-0.038222
-0.465154
0.028911
-0.771092
0.203860
-0.391582
-0.370849
0.354319
0.386773
0.252081
-0.186657
-0.373721
-0.863624
0.667836
-0.182273
-0.150122
-0.810706
0.429563
0.037169
-0.338284
0.178651
-0.182895
-0.466447
-0.084751
-0.270435
-0.257448
-0.030833
0.667628
-0.133817
-0.228243
-0.070380
-0.163859
-0.028811
0.226003
0.243361
-0.604509
-0.075692
0.174782
0.217489
0.518908
-0.505729
-0.007223
0.823665
-0.465227
-0.199292
