-0.247059
-0.489075
-0.058021
0.886682
0.198421
-0.393703
0.375190
-0.083293
-0.271988
-0.160763
-0.082969
0.213753
0.235781
-0.293338
0.786241
-0.120280
0.565156
0.098334
-0.091053
0.224510
0.366443
-0.345490
-0.114161
0.039198
-0.084280
-0.209807
-0.027375
-0.329848
0.462947
-0.093406
0.393260
-0.211752
-0.169314
0.013254
-0.088415
-0.059887
-0.029636
-0.285119
-0.133742
0.267207
0.215332
-0.480016
0.212882
-0.407070
-0.101811
0.094875
-0.652414
0.024780
-0.403495
0.502439
0.295661
0.409660
-0.029571
-0.988732
0.704598
-0.601194
-0.673549
0.340518
-0.111402
-0.111178
-0.373477
-0.066509
-0.167609
0.116637
-0.284615
-0.654621
0.186780
-0.209401
-0.190119
0.362127
-0.046687
-0.224949
0.363987
-0.342927
0.052386
-0.006575
0.087075
-0.082037
-0.340732
0.169242
-0.198567
-0.753112
0.267018
0.109407
0.084288
-0.171255
0.925198
-0.419009
0.026149
0.074503
-0.362679
0.334367
-0.054227
0.010659
0.274738
-0.155900
-0.147846
0.240747
0.266043
-0.145247
0.274598
-0.382794
-0.696004
-0.162811
0.672028
0.360022
-0.229354
-0.036317
-0.070108
0.173640
-0.425360
0.408408
-0.046267
-0.333333
-0.345674
-1.346250
0.150386
-0.492084
0.349677
-0.748287
0.458325
0.893532
-0.606328
-0.397145
-0.304687
0.111948
0.616156
-0.038049
0.207592
0.076989
-0.248510
-0.154487
-0.020713
0.619204
0.117140
-0.589164
-0.010960
0.001374
-0.102429
-0.025338
0.139915
0.082618
-0.000460
0.652043
-0.095919
-0.162206
0.018006
0.057359
0.379642
0.122417
-0.133033
0.532895
0.362363
-0.631265
0.258439
0.208607
-0.261237
-0.052744
0.497816
0.745696
0.352453
0.501002
0.251192
-0.114042
-0.083713
-0.364843
0.246992
0.312382
-0.159282
0.053650
0.334662
-0.186788
-0.226720
-0.197923
0.414222
0.003712
0.468316
1.221910
-0.871203
-0.347220
-0.691920
0.793046
0.081475
0.095505
0.327269
-0.259353
0.093957
-0.201955
0.234169
-0.342560
-0.004363
0.420274
