0.377272
-0.363306
0.021146
0.120290
-0.285612
0.270026
0.410861
-0.020268
-0.188103
0.353933
0.330841
0.251728
-0.693545
0.375099
0.135314
0.004073
0.827905
0.139773
-0.192024
0.328012
-0.402357
-0.052598
-0.403495
0.568146
0.587919
-0.056812
0.068680
-0.307777
0.177560
0.301162
-0.534477
-0.186756
-0.341023
0.167418
-0.306645
-0.430326
0.670471
0.336114
-0.184591
0.588984
0.267176
0.297088
-0.063064
-0.307926
0.322083
0.247621
-0.425166
-0.494842
-0.507237
-0.211064
-0.312612
-0.270984
0.463303
-0.975283
-0.143739
-0.765652
-0.258078
0.318347
0.499003
0.187472
-0.237979
-0.085620
-0.111330
-0.026658
-0.746623
-0.714364
0.250432
-0.431154
-0.013765
0.068671
-0.317168
0.497038
0.202392
0.293836
-0.581933
-0.287950
0.654096
0.142829
-0.123930
0.148823
0.357990
-0.625336
0.357017
-0.058102
0.074948
-0.495629
0.572518
-0.051481
0.149608
0.229598
-0.247263
0.499174
0.095922
-0.216277
-0.658280
0.367675
0.001602
-0.192393
-0.706966
-1.126150
0.898771
0.437941
-0.189960
0.048647
0.701412
0.452025
-0.378694
-0.368118
-0.754404
0.591492
-0.623246
-0.437078
-0.267756
-0.139102
0.262408
0.295166
0.275080
0.248319
-0.502939
-0.021234
0.402692
0.035273
-0.279992
0.011615
-0.661647
-0.251111
0.250700
0.364865
0.169527
0.352386
0.306769
0.233530
-0.104011
-0.090376
0.037009
-0.320314
-0.619033
-0.191274
-0.076119
0.203237
-0.016161
-0.564736
0.354785
-0.203787
0.213064
0.068905
-0.180493
0.433260
-0.422310
-0.339338
-0.552481
0.746895
-0.032167
-0.273297
0.535836
-0.459725
0.102217
0.725448
0.057320
0.008108
-0.357204
0.501531
0.046563
0.857345
0.238977
-0.126460
0.171869
0.342074
0.276487
0.251259
0.441429
0.436085
-0.201948
-0.165067
-0.076064
-0.180837
0.522812
0.357614
-0.565292
0.484297
-0.202337
-0.335872
0.112028
0.599471
-0.195602
-0.472741
0.540760
-0.849514
-0.214940
-0.053280
-0.275539
0.351016
