-1.173210
0.211994
0.275197
-0.764292
0.334301
-0.960706
-0.374319
0.580514
0.823231
-0.395795
0.100543
-0.088586
0.245090
-0.228266
-0.145177
0.139801
-0.218116
-0.002493
0.019227
-0.535552
0.934572
0.192356
0.060892
-0.302124
-0.038894
-0.351498
-0.329930
0.106990
-0.478297
0.127691
0.755553
0.206246
0.701229
-0.505543
0.173826
0.640816
-0.610352
-0.090260
-0.075920
0.026109
0.591046
-0.898883
-0.175182
-0.576720
-0.629816
-0.485729
-0.015676
0.382287
0.281508
0.190280
0.370295
1.094160
-0.437700
0.738933
-0.063581
1.238390
-0.250958
-0.278599
0.768188
-0.723170
0.045407
0.136884
0.813755
-0.403816
0.294177
0.270599
0.060386
0.665589
-0.506910
-0.170539
0.494560
0.332750
0.169854
-0.484581
0.702450
0.561743
-0.519429
0.147159
0.235667
-0.079697
-0.054741
0.488725
-0.087139
0.587513
-0.348752
-0.221545
0.133449
0.336111
-0.811061
-1.077720
0.161144
-0.382798
-0.026383
0.139466
0.956753
0.153084
0.300916
-0.303320
0.465245
1.076260
-0.404058
-0.516981
-0.439638
-0.546475
-0.226027
0.635265
-0.075273
-0.034275
0.283533
0.247433
0.822686
0.419479
0.377076
0.075289
-0.636244
0.136908
-0.037019
-0.742879
0.566392
0.412366
0.641533
0.025746
0.041696
0.063079
0.308344
-0.017056
-0.733497
-0.202835
-0.374383
-0.345137
-0.292221
-0.726357
0.310974
0.713711
-0.228051
0.480968
0.077351
-0.138549
-0.373107
0.355206
0.730356
1.520930
-0.892356
0.434321
-0.351078
-0.569527
0.179636
-0.099007
0.719773
-0.158537
0.293518
-0.229151
-0.407364
-0.308054
-0.872234
0.508247
-0.775584
-0.600204
0.150657
0.314736
0.581959
-0.648416
0.347282
-1.250230
-0.376703
0.184445
-1.237100
0.109440
0.135596
-0.228190
-1.122490
-0.558122
0.565772
-0.222869
-0.074530
0.584880
-0.474231
-0.056584
0.055237
-0.371899
0.037131
0.134128
0.101267
0.237457
0.720374
0.324594
-0.797859
0.120069
0.346787
-0.262475
-0.073028
-0.682878
