0.419029
-0.110481
-0.081206
0.925651
-0.055873
0.366301
-0.200187
0.196946
-0.416894
0.436924
-0.466036
-0.227665
0.772555
-0.105863
0.092851
0.205474
0.249400
-0.103227
0.407109
0.141764
-0.560083
-0.437950
0.727518
0.422342
-0.023399
-0.068819
-0.546725
-0.036996
0.587025
0.128089
-0.665101
-0.694159
-0.140006
0.314374
0.281695
-0.977778
0.515944
-0.144271
0.064530
-0.410676
0.093340
0.270957
-0.062259
0.304278
1.157860
0.002303
-0.600692
0.384569
-0.558032
0.209040
-0.010256
-0.496366
0.469316
-0.696996
0.658322
-1.080920
-0.009908
0.273692
-0.655374
0.550694
0.065995
-0.353831
-0.329771
-0.245145
-0.263070
0.032592
-0.264478
-0.408699
-0.022964
-0.045540
-0.197555
-0.402221
-0.280111
-0.026890
-0.357618
-0.019693
-0.129906
-0.430716
0.338198
-0.070292
-0.638046
-0.353052
-0.278986
-0.203479
0.038026
0.245053
0.325589
0.066833
0.167034
0.650360
0.346695
0.726769
-0.585202
-0.323405
-0.220525
0.015749
0.208395
-0.100135
-0.413266
-1.308810
-0.426694
-0.084772
-0.519319
0.260174
0.416188
-0.220783
0.111801
0.169630
-0.452907
0.190443
-0.279458
-0.395284
-0.032532
0.299925
0.600101
0.137363
0.014417
-0.101726
-0.760682
0.102973
0.201592
0.394323
-0.036755
-0.415382
-0.257479
0.187405
0.206240
0.053577
0.579607
-0.095206
0.393068
0.381141
0.099489
-0.227167
0.373594
0.476284
-0.027279
-0.027405
0.254189
-0.479374
-0.497991
-0.424758
0.669474
-0.409693
-0.290190
0.397961
-0.114945
0.314524
0.238742
-0.157885
0.060992
0.033590
0.417238
0.108634
0.223541
-0.553125
0.240339
0.413638
-0.096643
0.688265
-0.957960
0.193880
-0.045347
1.211460
-0.394007
-0.236929
0.915528
-0.139865
0.352329
0.321214
0.811397
0.547104
-0.080273
0.206245
-0.368175
-0.116663
0.536492
0.411203
-0.112892
0.448481
-0.723777
-0.479596
0.526237
0.252116
-0.724550
-0.472863
-0.007571
0.113241
-0.000451
-0.780370
0.237201
0.292555
