0.233468
0.334979
0.042950
0.343759
-0.267116
0.546272
-0.511638
0.069677
0.133914
0.087894
-0.126184
-0.396093
0.757964
0.288439
-0.350431
-0.011287
-0.606970
0.080720
0.234286
-0.783146
-0.306818
-0.081351
0.220133
0.248483
0.188090
0.016286
-0.888166
-0.206644
0.055563
0.371889
-0.398018
-0.295123
-0.241439
0.142334
0.566060
-0.330544
0.526966
0.138406
-0.442199
-0.559726
-0.185591
0.004826
-0.305284
0.402360
0.339652
0.065491
-0.160940
-0.003647
-0.022895
-0.471004
0.423595
-0.218442
0.472841
-0.260594
-0.068099
-0.233713
0.350004
-0.287391
0.164598
0.540882
-0.005371
-0.145886
-0.168355
0.255316
0.163032
0.542006
-0.189351
-0.261685
-0.317709
-0.166753
-0.257958
0.123657
-0.469262
0.130904
-0.461397
0.058968
0.101468
-0.890540
0.408662
-0.414070
-0.573429
0.815454
-0.538330
-0.085443
-0.061588
0.134679
0.162431
0.105260
0.143698
-0.168242
-0.105149
0.074683
-0.060157
-0.326746
0.121461
0.315041
0.377629
-0.247435
-0.065711
0.025067
-0.654375
-0.109234
-0.541945
0.003419
0.046868
-0.198623
0.343666
0.000497
-0.246899
-0.096224
0.268121
-0.499336
0.001763
0.449011
0.269321
0.504633
0.330701
-0.097928
-0.596166
-0.025380
-0.325134
0.154434
0.367801
-0.372874
-0.010673
0.134795
0.393253
0.156038
0.407700
0.596844
0.102963
-0.361138
-0.158793
-0.413166
0.251156
0.810460
-0.324427
-0.041438
0.232361
-0.573719
-0.319357
-0.289456
0.705347
-0.014836
0.209058
0.367036
-0.169268
-0.021527
0.270864
-0.289452
0.399067
0.022180
0.324100
0.384431
-0.410114
-0.676340
0.061722
0.207217
0.027361
0.610084
-0.720034
-0.137645
-0.201944
0.605048
-0.320159
0.111814
0.483694
-0.150207
0.087853
0.204631
0.009505
0.176503
0.446097
0.242809
-0.760729
-0.191483
0.357598
-0.232429
0.005088
0.265275
-0.102277
-0.145020
0.610556
0.052547
0.126812
0.273626
-0.616531
0.297758
0.127874
-0.360505
0.522598
-0.096311
