0.310448
0.030578
-0.355623
-0.372885
-0.119338
0.044620
0.002410
-0.141579
0.542228
0.887438
-0.007647
-0.618813
-0.102305
0.165639
0.129342
0.034106
-0.077059
0.128826
-0.179733
-0.852825
-0.536258
0.048374
0.544897
-0.054797
0.104600
-0.153118
-0.200621
-0.091727
0.453834
0.094087
-0.375820
-0.592291
-0.047958
0.646389
-0.131631
-0.305375
0.557909
0.877929
-0.531008
0.067942
0.114571
0.601658
-0.123440
0.321153
0.367432
0.799138
-0.028954
-0.018423
-0.433047
-0.978076
-0.181601
-0.082840
0.442106
-0.522344
-0.633908
-0.233879
0.030887
0.111667
0.434853
0.079050
-0.084704
-0.044797
-0.235411
-0.057290
0.221918
-0.218322
0.382299
-0.328186
0.376930
0.177139
-0.510370
0.364455
-0.139131
0.142059
-0.259441
-0.460756
0.051711
-0.254294
0.612837
0.156564
-0.046136
0.201310
-0.420123
-0.218201
-0.539949
-0.203923
-0.142669
-0.149446
0.105336
-0.009189
0.189655
0.635911
-0.139633
-0.225717
-0.579545
0.346558
-0.067737
-0.198043
-0.875534
-1.002130
0.908010
0.174463
0.130827
-0.456824
0.154326
0.412112
-0.419997
0.045449
-0.917938
-0.221080
0.051620
-0.231119
-0.486985
0.205344
0.480103
0.614893
0.561302
-0.034858
-0.130712
0.427958
-0.152780
-0.396429
0.519061
-0.111010
-0.056250
0.085337
-0.211399
0.771158
0.196158
0.091649
0.024732
0.551826
-0.315893
-0.019691
0.087801
-0.256151
-0.237580
0.306071
-0.329578
0.295968
-0.403683
0.135885
0.747411
-0.813475
-0.184072
-0.304338
0.101241
0.725279
-0.458507
-0.462682
0.304520
-0.066767
-0.149512
0.885088
0.256262
-0.990440
-0.116191
0.753959
0.207349
0.066514
-1.182170
-0.193971
0.205282
0.829945
0.398530
0.418758
0.116163
0.102001
0.320867
0.115952
0.479501
-0.163949
0.317087
-0.003863
-0.290726
0.376672
0.311195
-0.433059
0.109316
0.901899
-0.195399
-0.811474
0.487040
0.385467
0.084887
-0.823975
-0.419978
0.129187
-0.402333
-0.209344
-0.300474
0.554039
