-0.222346
0.100431
-0.034297
-1.112780
0.115141
-0.291935
-0.015925
0.166118
0.413925
0.286013
-0.049092
-0.560549
-0.182695
-0.071733
-0.433488
-0.003685
-0.840497
-0.132183
-0.004268
-0.815268
-0.086897
0.532113
0.168238
-0.653812
0.119150
-0.153163
0.063849
0.362354
-0.554276
-0.180070
-0.078572
-0.064851
0.405249
0.329712
0.164415
0.338653
-0.074896
0.365535
-0.076655
-0.136501
-0.035979
0.012031
-0.021332
0.083508
-0.382327
0.149819
0.358729
-0.140308
0.310588
-0.879935
-0.233358
0.238010
-0.135521
0.345356
-0.556336
0.781085
0.105634
0.087805
0.529528
-0.551266
0.235490
-0.031962
0.381710
-0.204268
0.281903
0.222576
0.387402
0.283617
-0.045860
-0.297622
0.239981
0.245677
0.119572
-0.333793
0.237951
-0.043253
-0.340773
-0.006278
0.365842
-0.032590
0.274032
0.531968
-0.077749
0.067219
-0.743153
-0.090772
-0.774635
0.173858
-0.567774
-0.809551
0.347491
-0.164853
-0.244210
0.025696
0.028525
0.121416
0.045874
-0.259472
0.040226
0.211859
0.464811
0.319675
0.452647
-0.259317
-0.469634
0.289200
0.046789
-0.118185
-0.492483
0.039985
0.477527
-0.345971
-0.164692
0.334196
-0.030694
1.041260
0.169600
0.012427
0.260039
0.777462
-0.058082
-0.718124
0.595661
0.007485
0.330110
0.483929
-0.885622
0.339242
-0.347421
-0.005269
-0.135320
0.256181
0.202304
0.210130
-0.098479
0.025818
0.247539
0.359411
-0.109719
0.381426
0.638974
0.725969
0.094049
-0.458411
-0.109942
-0.384086
0.123242
0.079272
-0.405531
-0.212857
0.141468
-0.448807
-0.310254
0.706376
0.078091
0.067974
-0.492979
0.243785
-0.124021
-0.555930
-0.128630
-0.594246
0.092523
-0.146485
0.487465
0.443854
-0.613104
0.243922
0.417440
-0.220159
-0.382935
-0.459754
0.559774
0.028560
-0.189053
0.556052
-0.342743
-0.944217
0.738047
0.326943
0.484026
-0.694413
0.069739
0.320512
0.424218
0.089402
-0.724378
0.442620
-0.077439
-0.160215
-0.346000
0.048940
