0.343251
-0.487594
-0.341094
0.242092
-0.331214
0.318439
-0.188467
0.151516
-0.060788
-0.497500
0.102150
-0.166365
0.013737
0.493800
0.081982
-0.602094
-0.286752
0.118638
-0.473286
0.489473
0.200615
-0.051734
0.130182
-0.118701
-0.282199
0.428901
0.658015
-0.085183
-0.231218
0.157320
-0.153124
0.059645
0.086902
0.035119
0.159997
0.111480
-0.442863
0.107284
0.611359
0.653645
-0.646688
-0.005295
0.533135
-0.024291
0.202810
-0.355073
0.563538
-0.151070
0.336686
0.040377
-0.800365
-0.139266
-0.176337
0.381576
-0.319988
-0.027789
0.292888
0.296849
-0.481753
0.322869
0.281862
-0.113509
-0.095710
0.630492
0.325748
0.549743
-0.151252
0.497980
0.383382
-0.209364
0.278719
-0.685105
-0.094420
0.130201
0.086366
-0.060346
-0.131135
0.512642
-0.371943
0.243225
0.311942
0.439826
0.170029
0.010977
-0.040722
0.338716
-0.634812
-0.358010
-0.236510
0.524241
0.231121
-0.035314
0.168504
-0.087173
-0.088706
-0.791628
-0.405426
0.072349
0.309899
0.506046
-0.070472
0.254403
0.489717
0.549462
-0.304142
0.018861
-0.418981
0.407102
0.839685
-0.675426
-0.329480
0.492202
-0.084166
-0.075532
0.212090
-0.467683
-0.801045
-0.085169
0.058213
-0.080067
-0.044048
-0.056629
-0.002705
0.310323
-0.215804
-0.228413
-0.184194
-0.389691
-0.336295
0.057788
-0.600815
-0.515526
0.118363
-0.336891
-0.235167
0.044178
0.424886
0.520906
0.225770
0.083598
-0.200052
-0.479346
0.098154
-0.052621
-0.435615
0.034498
0.158135
-0.561382
0.359307
0.423365
0.305038
-0.218063
-0.128693
0.315186
-0.447672
0.524353
0.106120
-0.002487
0.198103
-0.382225
-0.239254
0.088169
-0.136135
-0.115629
0.189561
-0.316388
0.130868
-0.034075
-0.307297
0.202163
-0.392730
-0.101197
0.231314
-0.222133
0.277705
-0.018226
-0.360112
0.212411
0.066943
-0.711112
0.506633
0.287696
-0.487320
-0.471588
-0.413447
0.057179
0.090598
0.476160
-0.095522
-0.292516
0.283053
0.219808
