-0.503338
0.329341
-0.123807
-0.894317
-0.202129
-0.668083
-0.149151
-0.261333
0.744725
-0.344361
0.396407
-0.083519
-0.452400
0.534080
-0.248522
-0.021469
-0.255813
0.153049
-0.514586
-0.811775
0.614485
0.422614
-0.471137
-0.413156
-0.060961
0.267357
0.042817
0.159152
-0.597331
-0.100293
0.316453
0.435486
0.380326
-0.559289
0.042956
0.779417
-0.416704
0.238521
-0.168582
0.375718
-0.161060
-0.330888
-0.033720
-0.056215
-1.047760
0.018984
0.550246
-0.247697
0.691710
-0.656998
-0.009043
0.696083
-0.293531
1.024810
-0.934660
1.089920
0.213803
-0.454755
0.457320
-0.673493
0.174724
0.103766
0.231858
0.398967
0.464383
0.317443
0.358628
0.378940
-0.283736
-0.021223
-0.096794
0.153818
0.263072
0.055578
0.069215
0.185919
-0.186728
0.177118
-0.028426
0.040825
0.357216
0.841882
-0.158636
0.139507
-0.155475
-0.397839
-0.335379
0.069574
-0.458580
-0.909078
-0.072872
-0.617652
0.713625
0.066899
0.322588
-0.140930
-0.214791
0.098179
0.309737
1.270110
0.439957
-0.003332
0.308580
-0.275436
-0.487769
0.241177
-0.195683
-0.019138
0.570119
-0.358203
0.754194
0.773240
-0.039641
-0.053206
-0.207341
0.429992
0.098092
-0.068329
0.676096
0.328602
-0.353253
-0.553982
0.427271
0.512960
0.439448
-0.258353
-0.511110
0.143594
-0.377209
-0.261383
-0.450839
-0.515787
-0.199827
0.070115
-0.273111
-0.119268
0.250638
0.086528
-0.378995
0.769644
0.516620
0.558830
-0.492770
0.403249
0.162483
-0.327561
0.438077
-0.186100
0.102485
0.305423
0.195193
-0.309935
-0.429404
0.004256
-0.593463
0.520104
-0.713559
-0.252191
0.200184
-0.536869
0.699766
-0.318155
0.085462
-1.039000
0.376096
0.239836
-1.161740
0.112764
-0.271790
-0.187159
-0.937019
-0.503567
0.525210
-0.209054
-0.082381
0.370990
-0.621207
-0.682277
0.290379
-0.329322
0.704626
0.155460
-0.256024
-0.109844
0.735861
0.295857
-0.188677
0.149793
-0.022410
0.539810
-0.134171
-0.391559
