0.273761
0.328307
-0.178628
0.453813
-0.058765
0.157360
-0.158349
-0.158903
-0.257737
0.089590
0.375521
0.006730
0.063358
-0.106602
-0.276976
0.416047
0.046151
0.077759
0.117666
-0.292633
-0.289169
-0.394642
0.782010
0.353059
-0.146792
0.303916
-0.131604
-0.142805
0.341370
0.147369
-0.564423
0.688132
0.286350
-0.582389
0.482578
-0.169253
0.038416
0.152735
0.102142
-0.967503
-0.474177
-0.093958
0.045805
0.453928
0.097035
0.312380
-0.387361
-0.181961
0.279008
-0.402656
0.327436
-0.216438
-0.147056
-0.168406
0.444550
-0.530059
0.029317
0.127339
-0.400044
0.053846
0.226424
-0.468204
-0.368438
0.091117
-0.134342
0.118945
-0.142036
-0.417460
-0.209419
0.171134
-0.400132
-0.311066
-0.306182
-0.344374
-0.188400
-0.189541
0.125674
-0.018187
0.352949
0.084143
-0.263504
-0.253105
-0.364875
0.198128
-0.167221
0.546210
0.475912
0.079178
0.612185
0.143641
-0.106848
0.084825
0.301049
0.273428
-0.296677
0.005671
-0.177038
0.137614
-0.088846
-0.638322
-0.298036
-0.159277
-0.231221
0.143449
0.321036
0.045857
0.362506
0.050195
0.243950
-0.538114
0.359305
0.067269
-0.247990
0.498034
0.721111
0.138666
0.141156
0.257892
-0.600921
-0.507361
-0.513852
-0.152337
-0.025799
-0.207560
0.313539
-0.542748
0.878901
-0.285508
0.301323
0.438657
-0.336980
0.226511
0.046406
-0.381781
-0.408285
0.273689
0.320809
-0.320413
0.048448
-0.053692
-0.220522
-0.148398
0.470135
0.016281
0.098155
0.471303
0.321292
0.043024
-0.219388
0.055938
-0.437675
0.039445
0.187804
-0.106325
0.580615
-0.610755
-0.264517
0.279222
-0.489091
-0.113567
0.140971
-0.311483
-0.356602
0.619979
0.313847
0.286387
0.552115
-0.009613
0.088692
0.035231
1.076580
0.507827
0.024677
0.092282
0.283448
-0.541235
0.120953
-0.351064
-0.425090
0.383781
-0.017472
-0.570679
0.150575
-0.242164
-0.367165
-0.459526
-0.109285
0.247844
-0.258607
0.067661
0.117433
0.020397
