0.229688
0.250671
0.540031
0.525317
0.488574
0.555966
0.230429
-0.193733
0.104983
0.253131
-0.228054
-0.179802
0.493109
0.027829
0.266197
-0.637783
0.262198
0.218110
0.299685
0.235474
-0.520731
-0.242307
0.498200
0.086965
-0.081858
-0.514570
-0.218159
-0.016698
0.804149
0.388066
0.105402
-1.133890
-0.000216
0.891420
-0.328554
-0.883975
0.633704
-0.058620
-0.705156
0.059258
0.424804
0.665003
0.115525
0.048467
1.182200
0.302188
-0.284945
0.466227
-0.781777
0.254586
0.050334
-0.427823
0.570849
-1.253050
-0.141272
-0.910413
0.231421
-0.219409
0.365565
0.723152
-0.449732
0.376725
-0.095829
-0.681978
0.098983
-0.137060
-0.012836
-0.589831
0.469009
-0.086809
0.071627
0.447483
0.012392
-0.148007
-0.209901
-0.466634
0.248620
-0.385004
0.293612
-0.182191
-0.423082
-0.805865
-0.035018
-0.102230
-0.301788
-0.016616
0.432288
0.122440
0.092408
0.535500
0.030972
1.174340
-0.571394
-0.343144
-0.219439
0.917808
0.507183
-0.016674
-0.755683
-1.083620
0.595241
-0.098293
-0.119658
-0.217560
0.025689
-0.068428
-0.050370
-0.087454
-1.189070
0.182847
-0.582599
-0.452354
-0.313861
-0.622752
0.398215
-0.326150
0.152932
-0.178293
-0.177157
-0.099846
0.371301
0.185386
0.051429
-0.247070
-0.420893
0.547845
-0.367239
0.376441
0.409797
-0.150650
0.636230
0.376632
-0.112451
-0.075090
0.586854
-0.247089
-0.345890
-0.187575
0.415329
-0.431053
-0.447581
-0.144492
0.504539
-0.739458
-0.023390
-0.289796
-0.559176
0.918602
-0.280332
-0.690394
0.180885
0.021368
-0.002829
0.427765
0.312908
-0.901615
0.510297
-0.055817
0.398480
0.835274
-1.030040
0.038641
0.616910
0.642100
-0.396701
-0.226195
0.610540
-0.207441
0.583728
0.259403
0.452922
0.198841
-0.477027
0.002636
-0.443435
0.125198
0.158673
0.474339
0.173069
0.739361
-0.708638
-0.441030
0.377896
0.859664
-0.333760
-0.687811
-0.070892
-0.299629
-0.386343
-0.365936
-0.493330
0.538615
