0.513859
-0.096914
-0.052896
0.230191
-0.272695
0.454770
0.464532
-0.161376
-0.328508
0.632379
0.326418
0.275499
-0.566186
0.267506
0.264975
0.265872
0.921331
0.277571
-0.294137
0.147949
-0.633200
-0.139176
-0.193569
0.509434
0.554402
0.084419
0.091988
-0.283959
0.366191
0.010628
-0.845825
-0.172014
-0.482779
0.050480
-0.195736
-0.706794
1.035290
0.378403
-0.094841
0.086570
0.530217
0.623929
-0.546394
0.266502
0.487303
0.423173
-0.614531
-0.092917
-0.510825
-0.423859
-0.139748
-0.369446
0.634326
-0.724097
-0.061331
-0.870341
-0.025641
0.123473
0.232329
0.330113
-0.428965
0.156286
-0.177330
-0.149460
-0.584711
-0.837792
0.194354
-0.772817
0.192457
0.285779
-0.469487
0.481860
0.015235
0.219561
-0.514764
-0.404025
0.605395
0.036178
0.053728
0.393788
0.318962
-0.667250
0.102876
-0.124180
0.144308
-0.346729
0.738365
-0.064192
0.465986
0.394797
-0.279660
0.516891
0.094181
-0.147771
-0.818472
0.447421
-0.080420
-0.324363
-1.011620
-1.547060
0.753457
0.273659
-0.158172
0.038232
0.811487
0.144959
-0.285046
-0.483265
-0.870649
0.706584
-0.537417
-0.611261
-0.311923
-0.072301
0.250770
0.416924
0.498349
0.433961
-0.685830
-0.221454
0.213315
-0.034761
-0.349381
-0.145368
-0.579399
-0.339027
0.669353
0.391161
0.154993
0.347268
0.408166
0.632382
0.000718
-0.136433
0.037813
-0.084979
-0.725238
-0.353765
0.093519
0.076911
-0.536781
-0.668763
0.432888
-0.400446
0.328465
0.029686
-0.283382
0.734766
-0.728451
-0.388367
-0.559156
0.651122
0.004806
-0.172779
0.849570
-0.784874
0.189134
0.900745
-0.295204
0.094785
-0.491485
0.564714
-0.043386
1.171980
0.127890
0.223032
0.380346
0.135152
0.410077
0.038342
0.650449
0.626636
-0.468704
-0.066781
-0.086354
-0.308331
0.686536
0.311090
-0.629387
0.719987
-0.382791
-0.605659
0.213964
0.369936
-0.329597
-0.644091
0.552929
-0.912957
-0.139235
0.101409
-0.311675
0.300263
