-0.265259
0.186390
0.018839
0.057450
0.676081
0.225611
0.446751
-0.279481
-0.605733
0.118312
-0.811513
0.549051
0.393188
-0.560248
0.595749
0.912054
0.078428
-0.261476
0.691947
0.566985
0.021586
-0.109580
-0.448721
0.007257
-0.419016
0.430003
-0.077223
0.332970
0.243241
-1.019670
-0.310133
-0.417962
-0.177631
0.307718
-0.322635
-0.115411
0.105193
-0.574170
0.350022
-0.554364
0.569345
0.752221
-0.453723
0.828026
0.386652
-0.190971
0.050022
0.659696
-0.448316
0.478460
0.334186
-0.410330
0.415877
0.666321
0.495128
-0.236792
0.068242
0.133634
-0.562811
0.199820
-0.670096
0.287459
0.130323
-0.293225
-0.167903
-0.272296
-0.123074
-0.146158
0.304924
0.174497
0.155295
-0.293721
-0.139183
0.122467
0.357747
-0.089101
-0.041627
-0.386553
-0.413212
-0.030594
-0.082627
-0.282273
0.385871
-0.198598
0.467297
-0.002334
-0.134986
0.375713
0.173696
0.217224
-0.129129
-0.158090
-0.356284
-0.173530
0.246372
-0.169232
0.230428
0.035845
-0.099276
-0.082297
-0.664331
-0.527198
0.115530
-0.045908
-0.392465
-1.162690
0.084710
0.050853
0.463690
0.749675
-0.271087
-0.187867
0.297051
-0.251794
-0.352813
-0.304530
-0.089733
0.215413
0.216451
0.187420
-0.343063
0.366999
-0.445914
0.244915
0.138564
0.013077
-0.034965
0.123506
-0.060043
-0.773691
0.562339
0.849352
0.264337
0.363068
0.481698
0.033812
-0.163241
-0.287056
0.361269
-0.518015
-0.449197
-0.156343
-0.267566
-0.120915
0.172127
0.025887
-0.359346
-0.034456
-0.154919
0.198790
0.122251
-0.404420
0.242161
-0.153786
-0.011525
0.056063
0.437003
-0.464790
-0.296655
0.709584
0.117567
0.338164
0.013159
-0.106529
-0.605485
-0.097273
0.347233
-0.454846
-0.066087
-0.395545
0.196229
0.033423
-0.710411
0.367652
0.144996
0.149659
0.153651
0.469843
-0.145551
-0.360037
-0.759142
0.475910
-0.040410
-0.407598
-0.540492
0.126110
0.769314
-0.311106
0.536967
0.273636
0.021440
-0.380767
