-0.845043
-0.442937
-0.003307
-0.147303
0.128584
-0.800412
-0.240331
0.209138
0.328616
-0.316970
-0.486773
-0.211491
0.436695
-0.081270
0.181017
-0.302492
-0.318804
-0.307248
0.457771
0.013417
0.672829
0.244985
-0.024049
-0.325454
-0.365594
-0.215199
-0.445665
0.297385
-0.374848
0.103602
0.920374
-0.147005
0.506944
0.272192
-0.032149
0.761283
-0.793321
-0.527269
-0.106645
0.044099
-0.179892
-0.485041
0.466859
-0.680255
-0.304131
-0.345875
0.495632
0.075734
-0.130312
0.524775
-0.160670
0.401563
-0.576464
0.166656
0.161539
0.724996
-0.455151
0.264969
0.234450
-0.395578
0.167644
-0.301591
0.271327
-0.037703
0.268989
0.350695
0.023429
0.798499
-0.422194
-0.382226
0.385359
0.090411
0.046296
-0.086660
0.516590
0.403312
-0.577817
-0.047804
-0.238494
-0.384175
-0.321543
0.328845
0.209010
0.022446
-0.106675
-0.104720
-0.336586
-0.049556
-0.822445
-0.299260
0.396756
-0.010140
-0.394351
-0.247137
0.813486
-0.519166
0.105848
0.113262
0.445232
0.920170
-0.488487
-0.260008
-0.207283
-0.229510
-0.576097
0.227415
-0.023771
0.570548
0.702693
-0.354041
0.266731
0.670634
0.161219
0.100758
-0.036669
-0.390119
-0.384180
-0.618471
0.647203
0.651220
0.250982
0.188224
0.255730
0.387736
0.153641
0.173724
-0.905959
-0.000848
0.138958
-0.466091
0.107872
-0.553694
-0.052578
0.497193
0.142120
-0.303128
0.472378
0.345137
-0.563141
0.011771
0.503867
0.766961
-0.248292
0.203150
-0.702467
-0.127524
0.166198
-0.568813
0.752612
0.138647
0.665512
-0.247307
-0.110846
0.332515
-0.787861
0.556874
-0.125539
-0.869771
0.593892
0.420270
-0.108793
-0.282007
0.420888
-0.743366
-0.390590
-0.466024
-0.165079
0.129177
-0.417006
0.218050
-0.180397
-0.721085
0.561254
0.106238
-0.024456
0.598574
-0.382134
0.247117
0.287096
-0.488645
0.013876
0.672031
0.096729
0.125539
0.214899
0.196245
-0.298720
0.499429
0.200276
-0.566405
0.196187
-0.079305
