0.049006
0.283184
0.134251
0.119548
-0.424500
0.201082
-0.768806
0.301332
0.482344
-0.166652
0.096794
-0.571031
0.644389
0.606925
-0.485240
-0.416538
-0.611766
0.162083
-0.012432
-1.040770
-0.012262
-0.019335
0.299422
0.216817
0.166898
-0.105724
-0.828970
-0.136966
-0.196740
0.738206
-0.213949
-0.086294
0.224194
-0.130684
0.897335
0.022247
0.086888
0.088930
-0.332095
-0.362281
-0.303504
-0.338930
-0.072212
0.007260
0.111476
-0.036579
0.003415
-0.062974
0.143430
-0.366533
0.380174
0.123575
0.190282
-0.186127
-0.139641
0.203858
0.282481
-0.348749
0.240508
0.240969
0.441726
-0.284211
0.030717
0.282485
0.254299
0.935451
-0.060430
0.179685
-0.665943
-0.427339
-0.186312
0.169046
-0.363115
0.132682
-0.375697
0.317587
-0.122087
-0.670303
0.381296
-0.292140
-0.549242
0.907937
-0.468094
-0.002539
-0.262235
0.100345
0.285348
0.022124
-0.256090
-0.376343
0.158346
0.093352
0.176035
-0.412636
0.459869
0.257075
0.393695
-0.190057
0.128332
0.434711
-0.512368
-0.055572
-0.608049
-0.038690
-0.230987
0.180820
0.227790
-0.047308
-0.143705
-0.442084
0.399168
-0.082272
-0.199620
0.400318
0.390811
0.556094
0.059369
-0.366776
-0.488058
0.146005
0.010632
-0.059592
0.475091
-0.262643
-0.000259
0.205909
0.012504
0.054505
0.302027
0.556405
-0.140200
-0.963464
-0.133609
-0.489483
0.078878
0.789499
-0.009909
0.058134
-0.053869
-0.341820
0.232007
0.148206
0.553470
0.105759
0.022671
0.207075
-0.020099
-0.164410
0.426770
-0.252924
0.642625
-0.115536
0.152971
0.445218
-0.643933
-0.286665
-0.311523
0.019802
0.198850
0.405012
-0.573418
-0.333837
-0.022887
0.273153
-0.269521
0.011140
0.017426
0.023932
0.091965
0.333855
-0.390264
0.078356
0.740787
-0.003623
-0.790478
-0.026817
-0.095035
-0.359773
0.186608
-0.040323
0.367897
-0.235600
0.437767
0.305994
0.284387
0.251148
-0.833592
0.512672
-0.103274
-0.649227
0.418341
-0.155070
