0.142455
-0.003967
-0.292984
-0.473568
-0.014110
-0.266267
0.090199
0.465652
-0.530975
-0.354616
0.245126
-0.091823
-0.468068
-0.150788
-0.555293
0.334026
-0.318508
-0.290579
-0.135212
-0.173792
-0.176020
0.023042
0.109019
-0.153982
0.011780
0.283674
0.577462
0.352403
-0.673747
-0.307265
-0.895566
0.715743
0.612366
-0.637146
0.807931
0.111927
-0.518368
-0.130581
1.070990
-0.163126
-0.353436
-0.303663
0.263745
0.110047
-0.201266
-0.251893
0.047862
-0.346743
0.658297
-0.332669
-0.384392
0.059725
-0.400493
0.564630
0.585463
0.211975
-0.182642
0.524801
-0.733345
-0.569078
0.756188
-0.476371
0.181077
0.132416
-0.454344
0.358418
0.221268
0.479962
-0.486268
-0.198025
0.194864
-0.779876
0.150872
-0.383154
0.180635
0.284993
-0.451288
0.476259
-0.148899
0.402466
0.329909
-0.108731
0.338190
0.082176
-0.258155
0.342089
-0.316326
0.256615
-0.496912
-0.411356
0.553030
-0.536690
0.257846
0.243369
-0.015446
-0.498670
-0.174943
0.145216
0.527243
0.053746
0.163535
0.407527
0.336767
0.459387
-0.263755
-0.008751
0.061248
-0.226827
0.440343
0.065169
0.150550
0.101776
-0.243456
0.449198
0.097943
0.569530
-0.481179
0.136580
-0.196419
0.352295
0.102188
-0.401187
-0.075873
-0.009211
0.241774
0.116040
-0.340533
-0.300967
-0.492175
-0.025832
-0.553025
0.022348
0.552034
-0.087249
-0.364489
0.269946
0.744735
0.282671
0.032185
0.383796
1.081990
0.168116
-0.016412
0.155892
-0.057451
0.150154
0.335207
-0.530742
-0.293688
0.392862
-0.402885
-0.395066
0.060573
-0.203563
0.354900
0.931578
-0.717656
0.323207
-0.436248
-0.894862
0.686305
-0.107382
-0.416492
0.061043
0.755929
0.057050
-0.432632
0.444819
0.205081
-0.143118
-0.202705
0.241602
0.280080
-0.157535
0.456050
0.040370
-0.484227
-0.616258
0.232872
-0.543506
0.647878
-0.611168
-0.373826
-0.278640
-0.321042
0.094192
0.068223
0.519365
-0.000101
-0.323009
-0.142214
-0.009304
