28.6125	1.3625	1.3625
31.337501	4.087501	1.3625
31.337501	1.3625	4.087501
23.1625	1.3625	1.3625
25.8875	4.0875	1.3625
28.6125	6.812501	1.3625
31.337501	9.5375	1.3625
25.8875	1.3625	4.0875
28.6125	4.0875	4.0875
31.337501	6.812501	4.0875
28.6125	1.3625	6.812501
31.337501	4.0875	6.812501
31.337501	1.3625	9.5375
17.712501	1.3625	1.3625
20.437501	4.0875	1.3625
23.1625	6.8125	1.3625
25.887501	9.537501	1.3625
28.6125	12.2625	1.3625
31.337501	14.9875	1.3625
20.437501	1.3625	4.0875
23.1625	4.0875	4.0875
25.8875	6.8125	4.0875
28.6125	9.537501	4.0875
31.337501	12.2625	4.0875
23.1625	1.3625	6.8125
25.8875	4.0875	6.8125
28.6125	6.8125	6.8125
31.337501	9.537501	6.8125
25.887501	1.3625	9.537501
28.6125	4.0875	9.537501
31.337501	6.8125	9.537501
28.6125	1.3625	12.2625
31.337501	4.0875	12.2625
31.337501	1.3625	14.9875
12.262501	1.3625	1.3625
14.9875	4.087501	1.3625
17.712501	6.8125	1.3625
20.4375	9.537501	1.3625
23.1625	12.262501	1.3625
25.8875	14.9875	1.3625
28.6125	17.712501	1.3625
31.337501	20.437501	1.3625
14.9875	1.3625	4.087501
17.712501	4.087501	4.087501
20.437501	6.8125	4.087501
23.1625	9.537501	4.087501
25.887501	12.262501	4.087501
28.6125	14.9875	4.087501
31.337501	17.712501	4.087501
17.712501	1.3625	6.8125
20.437501	4.087501	6.8125
23.1625	6.8125	6.8125
25.8875	9.537501	6.8125
28.6125	12.262501	6.8125
31.337501	14.9875	6.8125
20.4375	1.3625	9.537501
23.1625	4.087501	9.537501
25.8875	6.8125	9.537501
28.6125	9.537501	9.537501
31.337501	12.262501	9.537501
23.1625	1.3625	12.262501
25.887501	4.087501	12.262501
28.6125	6.8125	12.262501
31.337501	9.537501	12.262501
25.8875	1.3625	14.9875
28.6125	4.087501	14.9875
31.337501	6.8125	14.9875
28.6125	1.3625	17.712501
31.337501	4.087501	17.712501
31.337501	1.3625	20.437501
6.8125	1.3625	1.3625
9.537501	4.087501	1.3625
12.262501	6.812501	1.3625
14.9875	9.537501	1.3625
17.712501	12.262501	1.3625
20.437501	14.987501	1.3625
23.1625	17.7125	1.3625
25.887501	20.4375	1.3625
28.612501	23.1625	1.3625
31.337501	25.8875	1.3625
9.537501	1.3625	4.087501
12.262501	4.087501	4.087501
14.9875	6.812501	4.087501
17.712501	9.537501	4.087501
20.4375	12.262501	4.087501
23.1625	14.987501	4.087501
25.8875	17.7125	4.087501
28.6125	20.4375	4.087501
31.337501	23.1625	4.087501
12.262501	1.3625	6.812501
14.9875	4.087501	6.812501
17.712501	6.812501	6.812501
20.437501	9.537501	6.812501
23.1625	12.262501	6.812501
25.887501	14.987501	6.812501
28.6125	17.7125	6.812501
31.337501	20.4375	6.812501
14.9875	1.3625	9.537501
17.712501	4.087501	9.537501
20.437501	6.812501	9.537501
23.1625	9.537501	9.537501
25.8875	12.262501	9.537501
28.6125	14.987501	9.537501
31.337501	17.7125	9.537501
17.712501	1.3625	12.262501
20.4375	4.087501	12.262501
23.1625	6.812501	12.262501
25.8875	9.537501	12.262501
28.6125	12.262501	12.262501
31.337501	14.987501	12.262501
20.437501	1.3625	14.987501
23.1625	4.087501	14.987501
25.887501	6.812501	14.987501
28.6125	9.537501	14.987501
31.337501	12.262501	14.987501
23.1625	1.3625	17.7125
25.8875	4.087501	17.7125
28.6125	6.812501	17.7125
31.337501	9.537501	17.7125
25.887501	1.3625	20.4375
28.6125	4.087501	20.4375
31.337501	6.812501	20.4375
28.612501	1.3625	23.1625
31.337501	4.087501	23.1625
31.337501	1.3625	25.8875
1.3625	1.3625	1.3625
4.087501	4.087501	1.3625
6.8125	6.8125	1.3625
9.537501	9.537501	1.3625
12.262501	12.262501	1.3625
14.9875	14.9875	1.3625
17.712501	17.712501	1.3625
20.4375	20.4375	1.3625
23.1625	23.1625	1.3625
25.887501	25.887501	1.3625
28.6125	28.6125	1.3625
31.337501	31.337501	1.3625
4.087501	1.3625	4.087501
6.8125	4.087501	4.087501
9.537501	6.8125	4.087501
12.262501	9.537501	4.087501
14.9875	12.262501	4.087501
17.712501	14.9875	4.087501
20.437501	17.712501	4.087501
23.1625	20.4375	4.087501
25.887501	23.1625	4.087501
28.612501	25.887501	4.087501
31.337501	28.6125	4.087501
6.8125	1.3625	6.8125
9.537501	4.087501	6.8125
12.262501	6.8125	6.8125
14.9875	9.537501	6.8125
17.712501	12.262501	6.8125
20.4375	14.9875	6.8125
23.1625	17.712501	6.8125
25.8875	20.4375	6.8125
28.6125	23.1625	6.8125
31.337501	25.887501	6.8125
9.537501	1.3625	9.537501
12.262501	4.087501	9.537501
14.9875	6.8125	9.537501
17.712501	9.537501	9.537501
20.437501	12.262501	9.537501
23.1625	14.9875	9.537501
25.887501	17.712501	9.537501
28.6125	20.4375	9.537501
31.337501	23.1625	9.537501
12.262501	1.3625	12.262501
14.9875	4.087501	12.262501
17.712501	6.8125	12.262501
20.437501	9.537501	12.262501
23.1625	12.262501	12.262501
25.8875	14.9875	12.262501
28.6125	17.712501	12.262501
31.337501	20.4375	12.262501
14.9875	1.3625	14.9875
17.712501	4.087501	14.9875
20.4375	6.8125	14.9875
23.1625	9.537501	14.9875
25.8875	12.262501	14.9875
28.6125	14.9875	14.9875
31.337501	17.712501	14.9875
17.712501	1.3625	17.712501
20.437501	4.087501	17.712501
23.1625	6.8125	17.712501
25.887501	9.537501	17.712501
28.6125	12.262501	17.712501
31.337501	14.9875	17.712501
20.4375	1.3625	20.4375
23.1625	4.087501	20.4375
25.8875	6.8125	20.4375
28.6125	9.537501	20.4375
31.337501	12.262501	20.4375
23.1625	1.3625	23.1625
25.887501	4.087501	23.1625
28.6125	6.8125	23.1625
31.337501	9.537501	23.1625
25.887501	1.3625	25.887501
28.612501	4.087501	25.887501
31.337501	6.8125	25.887501
28.6125	1.3625	28.6125
31.337501	4.087501	28.6125
31.337501	1.3625	31.337501
1.3625	6.8125	1.3625
4.087501	9.537501	1.3625
6.812501	12.262501	1.3625
9.537501	14.9875	1.3625
12.262501	17.712501	1.3625
14.987501	20.437501	1.3625
17.7125	23.1625	1.3625
20.4375	25.887501	1.3625
23.1625	28.612501	1.3625
25.8875	31.337501	1.3625
1.3625	4.087501	4.087501
4.087501	6.8125	4.087501
6.8125	9.537501	4.087501
9.537501	12.262501	4.087501
12.262501	14.9875	4.087501
14.9875	17.712501	4.087501
17.712501	20.437501	4.087501
20.4375	23.1625	4.087501
23.1625	25.887501	4.087501
25.887501	28.612501	4.087501
28.6125	31.337501	4.087501
1.3625	1.3625	6.8125
4.087501	4.087501	6.8125
6.8125	6.8125	6.8125
9.537501	9.537501	6.8125
12.262501	12.262501	6.8125
14.9875	14.9875	6.8125
17.712501	17.712501	6.8125
20.437501	20.437501	6.8125
23.1625	23.1625	6.8125
25.887501	25.887501	6.8125
28.612501	28.612501	6.8125
31.337501	31.337501	6.8125
4.087501	1.3625	9.537501
6.8125	4.087501	9.537501
9.537501	6.8125	9.537501
12.262501	9.537501	9.537501
14.9875	12.262501	9.537501
17.712501	14.9875	9.537501
20.4375	17.712501	9.537501
23.1625	20.437501	9.537501
25.8875	23.1625	9.537501
28.6125	25.887501	9.537501
31.337501	28.612501	9.537501
6.812501	1.3625	12.262501
9.537501	4.087501	12.262501
12.262501	6.8125	12.262501
14.9875	9.537501	12.262501
17.712501	12.262501	12.262501
20.437501	14.9875	12.262501
23.1625	17.712501	12.262501
25.887501	20.437501	12.262501
28.6125	23.1625	12.262501
31.337501	25.887501	12.262501
9.537501	1.3625	14.9875
12.262501	4.087501	14.9875
14.9875	6.8125	14.9875
17.712501	9.537501	14.9875
20.437501	12.262501	14.9875
23.1625	14.9875	14.9875
25.8875	17.712501	14.9875
28.6125	20.437501	14.9875
31.337501	23.1625	14.9875
12.262501	1.3625	17.712501
14.9875	4.087501	17.712501
17.712501	6.8125	17.712501
20.4375	9.537501	17.712501
23.1625	12.262501	17.712501
25.8875	14.9875	17.712501
28.6125	17.712501	17.712501
31.337501	20.437501	17.712501
14.987501	1.3625	20.437501
17.712501	4.087501	20.437501
20.437501	6.8125	20.437501
23.1625	9.537501	20.437501
25.887501	12.262501	20.437501
28.6125	14.9875	20.437501
31.337501	17.712501	20.437501
17.7125	1.3625	23.1625
20.4375	4.087501	23.1625
23.1625	6.8125	23.1625
25.8875	9.537501	23.1625
28.6125	12.262501	23.1625
31.337501	14.9875	23.1625
20.4375	1.3625	25.887501
23.1625	4.087501	25.887501
25.887501	6.8125	25.887501
28.6125	9.537501	25.887501
31.337501	12.262501	25.887501
23.1625	1.3625	28.612501
25.887501	4.087501	28.612501
28.612501	6.8125	28.612501
31.337501	9.537501	28.612501
25.8875	1.3625	31.337501
28.6125	4.087501	31.337501
31.337501	6.8125	31.337501
1.3625	12.262501	1.3625
4.087501	14.9875	1.3625
6.8125	17.712501	1.3625
9.537501	20.4375	1.3625
12.262501	23.1625	1.3625
14.9875	25.8875	1.3625
17.712501	28.6125	1.3625
20.437501	31.337501	1.3625
1.3625	9.537501	4.087501
4.087501	12.262501	4.087501
6.812501	14.9875	4.087501
9.537501	17.712501	4.087501
12.262501	20.4375	4.087501
14.987501	23.1625	4.087501
17.7125	25.8875	4.087501
20.4375	28.6125	4.087501
23.1625	31.337501	4.087501
1.3625	6.8125	6.8125
4.087501	9.537501	6.8125
6.8125	12.262501	6.8125
9.537501	14.9875	6.8125
12.262501	17.712501	6.8125
14.9875	20.4375	6.8125
17.712501	23.1625	6.8125
20.4375	25.8875	6.8125
23.1625	28.6125	6.8125
25.887501	31.337501	6.8125
1.3625	4.087501	9.537501
4.087501	6.8125	9.537501
6.8125	9.537501	9.537501
9.537501	12.262501	9.537501
12.262501	14.9875	9.537501
14.9875	17.712501	9.537501
17.712501	20.4375	9.537501
20.437501	23.1625	9.537501
23.1625	25.8875	9.537501
25.887501	28.6125	9.537501
28.612501	31.337501	9.537501
1.3625	1.3625	12.262501
4.087501	4.087501	12.262501
6.8125	6.8125	12.262501
9.537501	9.537501	12.262501
12.262501	12.262501	12.262501
14.9875	14.9875	12.262501
17.712501	17.712501	12.262501
20.4375	20.4375	12.262501
23.1625	23.1625	12.262501
25.8875	25.8875	12.262501
28.6125	28.6125	12.262501
31.337501	31.337501	12.262501
4.087501	1.3625	14.9875
6.812501	4.087501	14.9875
9.537501	6.8125	14.9875
12.262501	9.537501	14.9875
14.9875	12.262501	14.9875
17.712501	14.9875	14.9875
20.437501	17.712501	14.9875
23.1625	20.4375	14.9875
25.887501	23.1625	14.9875
28.6125	25.8875	14.9875
31.337501	28.6125	14.9875
6.8125	1.3625	17.712501
9.537501	4.087501	17.712501
12.262501	6.8125	17.712501
14.9875	9.537501	17.712501
17.712501	12.262501	17.712501
20.437501	14.9875	17.712501
23.1625	17.712501	17.712501
25.8875	20.4375	17.712501
28.6125	23.1625	17.712501
31.337501	25.8875	17.712501
9.537501	1.3625	20.4375
12.262501	4.087501	20.4375
14.9875	6.8125	20.4375
17.712501	9.537501	20.4375
20.4375	12.262501	20.4375
23.1625	14.9875	20.4375
25.8875	17.712501	20.4375
28.6125	20.4375	20.4375
31.337501	23.1625	20.4375
12.262501	1.3625	23.1625
14.987501	4.087501	23.1625
17.712501	6.8125	23.1625
20.437501	9.537501	23.1625
23.1625	12.262501	23.1625
25.887501	14.9875	23.1625
28.6125	17.712501	23.1625
31.337501	20.4375	23.1625
14.9875	1.3625	25.8875
17.7125	4.087501	25.8875
20.4375	6.8125	25.8875
23.1625	9.537501	25.8875
25.8875	12.262501	25.8875
28.6125	14.9875	25.8875
31.337501	17.712501	25.8875
17.712501	1.3625	28.6125
20.4375	4.087501	28.6125
23.1625	6.8125	28.6125
25.887501	9.537501	28.6125
28.6125	12.262501	28.6125
31.337501	14.9875	28.6125
20.437501	1.3625	31.337501
23.1625	4.087501	31.337501
25.887501	6.8125	31.337501
28.612501	9.537501	31.337501
31.337501	12.262501	31.337501
1.3625	17.712501	1.3625
4.0875	20.437501	1.3625
6.8125	23.1625	1.3625
9.537501	25.887501	1.3625
12.2625	28.6125	1.3625
14.9875	31.337501	1.3625
1.3625	14.9875	4.087501
4.087501	17.712501	4.087501
6.8125	20.437501	4.087501
9.537501	23.1625	4.087501
12.262501	25.887501	4.087501
14.9875	28.6125	4.087501
17.712501	31.337501	4.087501
1.3625	12.262501	6.812501
4.087501	14.9875	6.812501
6.812501	17.712501	6.812501
9.537501	20.437501	6.812501
12.262501	23.1625	6.812501
14.987501	25.887501	6.812501
17.7125	28.6125	6.812501
20.4375	31.337501	6.812501
1.3625	9.537501	9.537501
4.087501	12.262501	9.537501
6.8125	14.9875	9.537501
9.537501	17.712501	9.537501
12.262501	20.437501	9.537501
14.9875	23.1625	9.537501
17.712501	25.887501	9.537501
20.4375	28.6125	9.537501
23.1625	31.337501	9.537501
1.3625	6.812501	12.262501
4.087501	9.537501	12.262501
6.8125	12.262501	12.262501
9.537501	14.9875	12.262501
12.262501	17.712501	12.262501
14.9875	20.437501	12.262501
17.712501	23.1625	12.262501
20.437501	25.887501	12.262501
23.1625	28.6125	12.262501
25.887501	31.337501	12.262501
1.3625	4.087501	14.9875
4.087501	6.812501	14.9875
6.8125	9.537501	14.9875
9.537501	12.262501	14.9875
12.262501	14.9875	14.9875
14.9875	17.712501	14.9875
17.712501	20.437501	14.9875
20.4375	23.1625	14.9875
23.1625	25.887501	14.9875
25.8875	28.6125	14.9875
28.6125	31.337501	14.9875
1.3625	1.3625	17.712501
4.087501	4.087501	17.712501
6.812501	6.812501	17.712501
9.537501	9.537501	17.712501
12.262501	12.262501	17.712501
14.9875	14.9875	17.712501
17.712501	17.712501	17.712501
20.437501	20.437501	17.712501
23.1625	23.1625	17.712501
25.887501	25.887501	17.712501
28.6125	28.6125	17.712501
31.337501	31.337501	17.712501
4.0875	1.3625	20.437501
6.8125	4.087501	20.437501
9.537501	6.812501	20.437501
12.262501	9.537501	20.437501
14.9875	12.262501	20.437501
17.712501	14.9875	20.437501
20.437501	17.712501	20.437501
23.1625	20.437501	20.437501
25.8875	23.1625	20.437501
28.6125	25.887501	20.437501
31.337501	28.6125	20.437501
6.8125	1.3625	23.1625
9.537501	4.087501	23.1625
12.262501	6.812501	23.1625
14.9875	9.537501	23.1625
17.712501	12.262501	23.1625
20.4375	14.9875	23.1625
23.1625	17.712501	23.1625
25.8875	20.437501	23.1625
28.6125	23.1625	23.1625
31.337501	25.887501	23.1625
9.537501	1.3625	25.887501
12.262501	4.087501	25.887501
14.987501	6.812501	25.887501
17.712501	9.537501	25.887501
20.437501	12.262501	25.887501
23.1625	14.9875	25.887501
25.887501	17.712501	25.887501
28.6125	20.437501	25.887501
31.337501	23.1625	25.887501
12.2625	1.3625	28.6125
14.9875	4.087501	28.6125
17.7125	6.812501	28.6125
20.4375	9.537501	28.6125
23.1625	12.262501	28.6125
25.8875	14.9875	28.6125
28.6125	17.712501	28.6125
31.337501	20.437501	28.6125
14.9875	1.3625	31.337501
17.712501	4.087501	31.337501
20.4375	6.812501	31.337501
23.1625	9.537501	31.337501
25.887501	12.262501	31.337501
28.6125	14.9875	31.337501
31.337501	17.712501	31.337501
1.3625	23.1625	1.3625
4.0875	25.8875	1.3625
6.812501	28.6125	1.3625
9.5375	31.337501	1.3625
1.3625	20.437501	4.0875
4.0875	23.1625	4.0875
6.8125	25.8875	4.0875
9.537501	28.6125	4.0875
12.2625	31.337501	4.0875
1.3625	17.712501	6.8125
4.087501	20.437501	6.8125
6.8125	23.1625	6.8125
9.537501	25.8875	6.8125
12.262501	28.6125	6.8125
14.9875	31.337501	6.8125
1.3625	14.9875	9.537501
4.087501	17.712501	9.537501
6.812501	20.437501	9.537501
9.537501	23.1625	9.537501
12.262501	25.8875	9.537501
14.987501	28.6125	9.537501
17.7125	31.337501	9.537501
1.3625	12.262501	12.262501
4.087501	14.9875	12.262501
6.8125	17.712501	12.262501
9.537501	20.437501	12.262501
12.262501	23.1625	12.262501
14.9875	25.8875	12.262501
17.712501	28.6125	12.262501
20.4375	31.337501	12.262501
1.3625	9.537501	14.9875
4.087501	12.262501	14.9875
6.8125	14.9875	14.9875
9.537501	17.712501	14.9875
12.262501	20.437501	14.9875
14.9875	23.1625	14.9875
17.712501	25.8875	14.9875
20.437501	28.6125	14.9875
23.1625	31.337501	14.9875
1.3625	6.8125	17.712501
4.087501	9.537501	17.712501
6.8125	12.262501	17.712501
9.537501	14.9875	17.712501
12.262501	17.712501	17.712501
14.9875	20.437501	17.712501
17.712501	23.1625	17.712501
20.4375	25.8875	17.712501
23.1625	28.6125	17.712501
25.8875	31.337501	17.712501
1.3625	4.0875	20.437501
4.087501	6.8125	20.437501
6.812501	9.537501	20.437501
9.537501	12.262501	20.437501
12.262501	14.9875	20.437501
14.9875	17.712501	20.437501
17.712501	20.437501	20.437501
20.437501	23.1625	20.437501
23.1625	25.8875	20.437501
25.887501	28.6125	20.437501
28.6125	31.337501	20.437501
1.3625	1.3625	23.1625
4.0875	4.0875	23.1625
6.8125	6.8125	23.1625
9.537501	9.537501	23.1625
12.262501	12.262501	23.1625
14.9875	14.9875	23.1625
17.712501	17.712501	23.1625
20.437501	20.437501	23.1625
23.1625	23.1625	23.1625
25.8875	25.8875	23.1625
28.6125	28.6125	23.1625
31.337501	31.337501	23.1625
4.0875	1.3625	25.8875
6.8125	4.0875	25.8875
9.537501	6.8125	25.8875
12.262501	9.537501	25.8875
14.9875	12.262501	25.8875
17.712501	14.9875	25.8875
20.4375	17.712501	25.8875
23.1625	20.437501	25.8875
25.8875	23.1625	25.8875
28.6125	25.8875	25.8875
31.337501	28.6125	25.8875
6.812501	1.3625	28.6125
9.537501	4.0875	28.6125
12.262501	6.8125	28.6125
14.987501	9.537501	28.6125
17.712501	12.262501	28.6125
20.437501	14.9875	28.6125
23.1625	17.712501	28.6125
25.887501	20.437501	28.6125
28.6125	23.1625	28.6125
31.337501	25.8875	28.6125
9.5375	1.3625	31.337501
12.2625	4.0875	31.337501
14.9875	6.8125	31.337501
17.7125	9.537501	31.337501
20.4375	12.262501	31.337501
23.1625	14.9875	31.337501
25.8875	17.712501	31.337501
28.6125	20.437501	31.337501
31.337501	23.1625	31.337501
1.3625	28.6125	1.3625
4.087501	31.337501	1.3625
1.3625	25.8875	4.0875
4.0875	28.6125	4.0875
6.812501	31.337501	4.0875
1.3625	23.1625	6.8125
4.0875	25.8875	6.8125
6.8125	28.6125	6.8125
9.537501	31.337501	6.8125
1.3625	20.4375	9.537501
4.087501	23.1625	9.537501
6.8125	25.8875	9.537501
9.537501	28.6125	9.537501
12.262501	31.337501	9.537501
1.3625	17.712501	12.262501
4.087501	20.4375	12.262501
6.812501	23.1625	12.262501
9.537501	25.8875	12.262501
12.262501	28.6125	12.262501
14.987501	31.337501	12.262501
1.3625	14.9875	14.9875
4.087501	17.712501	14.9875
6.8125	20.4375	14.9875
9.537501	23.1625	14.9875
12.262501	25.8875	14.9875
14.9875	28.6125	14.9875
17.712501	31.337501	14.9875
1.3625	12.262501	17.712501
4.087501	14.9875	17.712501
6.8125	17.712501	17.712501
9.537501	20.4375	17.712501
12.262501	23.1625	17.712501
14.9875	25.8875	17.712501
17.712501	28.6125	17.712501
20.437501	31.337501	17.712501
1.3625	9.537501	20.4375
4.087501	12.262501	20.4375
6.8125	14.9875	20.4375
9.537501	17.712501	20.4375
12.262501	20.4375	20.4375
14.9875	23.1625	20.4375
17.712501	25.8875	20.4375
20.4375	28.6125	20.4375
23.1625	31.337501	20.4375
1.3625	6.8125	23.1625
4.087501	9.537501	23.1625
6.812501	12.262501	23.1625
9.537501	14.9875	23.1625
12.262501	17.712501	23.1625
14.9875	20.4375	23.1625
17.712501	23.1625	23.1625
20.437501	25.8875	23.1625
23.1625	28.6125	23.1625
25.887501	31.337501	23.1625
1.3625	4.0875	25.8875
4.0875	6.8125	25.8875
6.8125	9.537501	25.8875
9.537501	12.262501	25.8875
12.262501	14.9875	25.8875
14.9875	17.712501	25.8875
17.712501	20.4375	25.8875
20.437501	23.1625	25.8875
23.1625	25.8875	25.8875
25.8875	28.6125	25.8875
28.6125	31.337501	25.8875
1.3625	1.3625	28.6125
4.0875	4.0875	28.6125
6.8125	6.8125	28.6125
9.537501	9.537501	28.6125
12.262501	12.262501	28.6125
14.9875	14.9875	28.6125
17.712501	17.712501	28.6125
20.4375	20.4375	28.6125
23.1625	23.1625	28.6125
25.8875	25.8875	28.6125
28.6125	28.6125	28.6125
31.337501	31.337501	28.6125
4.087501	1.3625	31.337501
6.812501	4.0875	31.337501
9.537501	6.8125	31.337501
12.262501	9.537501	31.337501
14.987501	12.262501	31.337501
17.712501	14.9875	31.337501
20.437501	17.712501	31.337501
23.1625	20.4375	31.337501
25.887501	23.1625	31.337501
28.6125	25.8875	31.337501
31.337501	28.6125	31.337501
1.3625	31.337501	4.087501
1.3625	28.6125	6.812501
4.0875	31.337501	6.812501
1.3625	25.887501	9.537501
4.0875	28.6125	9.537501
6.8125	31.337501	9.537501
1.3625	23.1625	12.262501
4.087501	25.887501	12.262501
6.8125	28.6125	12.262501
9.537501	31.337501	12.262501
1.3625	20.437501	14.987501
4.087501	23.1625	14.987501
6.812501	25.887501	14.987501
9.537501	28.6125	14.987501
12.262501	31.337501	14.987501
1.3625	17.712501	17.712501
4.087501	20.437501	17.712501
6.8125	23.1625	17.712501
9.537501	25.887501	17.712501
12.262501	28.6125	17.712501
14.9875	31.337501	17.712501
1.3625	14.987501	20.437501
4.087501	17.712501	20.437501
6.8125	20.437501	20.437501
9.537501	23.1625	20.437501
12.262501	25.887501	20.437501
14.9875	28.6125	20.437501
17.712501	31.337501	20.437501
1.3625	12.262501	23.1625
4.087501	14.987501	23.1625
6.8125	17.712501	23.1625
9.537501	20.437501	23.1625
12.262501	23.1625	23.1625
14.9875	25.887501	23.1625
17.712501	28.6125	23.1625
20.4375	31.337501	23.1625
1.3625	9.537501	25.887501
4.087501	12.262501	25.887501
6.812501	14.987501	25.887501
9.537501	17.712501	25.887501
12.262501	20.437501	25.887501
14.9875	23.1625	25.887501
17.712501	25.887501	25.887501
20.437501	28.6125	25.887501
23.1625	31.337501	25.887501
1.3625	6.812501	28.6125
4.0875	9.537501	28.6125
6.8125	12.262501	28.6125
9.537501	14.987501	28.6125
12.262501	17.712501	28.6125
14.9875	20.437501	28.6125
17.712501	23.1625	28.6125
20.437501	25.887501	28.6125
23.1625	28.6125	28.6125
25.8875	31.337501	28.6125
1.3625	4.087501	31.337501
4.0875	6.812501	31.337501
6.8125	9.537501	31.337501
9.537501	12.262501	31.337501
12.262501	14.987501	31.337501
14.9875	17.712501	31.337501
17.712501	20.437501	31.337501
20.4375	23.1625	31.337501
23.1625	25.887501	31.337501
25.8875	28.6125	31.337501
28.6125	31.337501	31.337501
1.3625	31.337501	9.5375
1.3625	28.6125	12.2625
4.0875	31.337501	12.2625
1.3625	25.8875	14.9875
4.087501	28.6125	14.9875
6.8125	31.337501	14.9875
1.3625	23.1625	17.7125
4.087501	25.8875	17.7125
6.812501	28.6125	17.7125
9.537501	31.337501	17.7125
1.3625	20.4375	20.4375
4.087501	23.1625	20.4375
6.8125	25.8875	20.4375
9.537501	28.6125	20.4375
12.262501	31.337501	20.4375
1.3625	17.7125	23.1625
4.087501	20.4375	23.1625
6.8125	23.1625	23.1625
9.537501	25.8875	23.1625
12.262501	28.6125	23.1625
14.9875	31.337501	23.1625
1.3625	14.9875	25.8875
4.087501	17.7125	25.8875
6.8125	20.4375	25.8875
9.537501	23.1625	25.8875
12.262501	25.8875	25.8875
14.9875	28.6125	25.8875
17.712501	31.337501	25.8875
1.3625	12.2625	28.6125
4.087501	14.9875	28.6125
6.812501	17.7125	28.6125
9.537501	20.4375	28.6125
12.262501	23.1625	28.6125
14.9875	25.8875	28.6125
17.712501	28.6125	28.6125
20.437501	31.337501	28.6125
1.3625	9.5375	31.337501
4.0875	12.2625	31.337501
6.8125	14.9875	31.337501
9.537501	17.7125	31.337501
12.262501	20.4375	31.337501
14.9875	23.1625	31.337501
17.712501	25.8875	31.337501
20.437501	28.6125	31.337501
23.1625	31.337501	31.337501
1.3625	31.337501	14.9875
1.3625	28.6125	17.712501
4.087501	31.337501	17.712501
1.3625	25.887501	20.4375
4.087501	28.6125	20.4375
6.812501	31.337501	20.4375
1.3625	23.1625	23.1625
4.087501	25.887501	23.1625
6.8125	28.6125	23.1625
9.537501	31.337501	23.1625
1.3625	20.4375	25.887501
4.087501	23.1625	25.887501
6.8125	25.887501	25.887501
9.537501	28.6125	25.887501
12.262501	31.337501	25.887501
1.3625	17.712501	28.6125
4.087501	20.4375	28.6125
6.8125	23.1625	28.6125
9.537501	25.887501	28.6125
12.262501	28.6125	28.6125
14.9875	31.337501	28.6125
1.3625	14.9875	31.337501
4.087501	17.712501	31.337501
6.812501	20.4375	31.337501
9.537501	23.1625	31.337501
12.262501	25.887501	31.337501
14.9875	28.6125	31.337501
17.712501	31.337501	31.337501
1.3625	31.337501	20.437501
1.3625	28.612501	23.1625
4.087501	31.337501	23.1625
1.3625	25.887501	25.887501
4.087501	28.612501	25.887501
6.8125	31.337501	25.887501
1.3625	23.1625	28.612501
4.087501	25.887501	28.612501
6.8125	28.612501	28.612501
9.537501	31.337501	28.612501
1.3625	20.437501	31.337501
4.087501	23.1625	31.337501
6.8125	25.887501	31.337501
9.537501	28.612501	31.337501
12.262501	31.337501	31.337501
1.3625	31.337501	25.8875
1.3625	28.6125	28.6125
4.087501	31.337501	28.6125
1.3625	25.8875	31.337501
4.087501	28.6125	31.337501
6.8125	31.337501	31.337501
1.3625	31.337501	31.337501
27.25	0	0
29.975	2.725001	0
29.975	0	2.725001
21.8	0	0
24.525	2.725	0
27.25	5.450001	0
29.975	8.175	0
24.525	0	2.725
27.25	2.725	2.725
29.975	5.450001	2.725
27.25	0	5.450001
29.975	2.725	5.450001
29.975	0	8.175
16.350001	0	0
19.075001	2.725	0
21.8	5.45	0
24.525001	8.175001	0
27.25	10.9	0
29.975	13.625	0
19.075001	0	2.725
21.8	2.725	2.725
24.525	5.45	2.725
27.25	8.175001	2.725
29.975	10.9	2.725
21.8	0	5.45
24.525	2.725	5.45
27.25	5.45	5.45
29.975	8.175001	5.45
24.525001	0	8.175001
27.25	2.725	8.175001
29.975	5.45	8.175001
27.25	0	10.9
29.975	2.725	10.9
29.975	0	13.625
10.9	0	0
13.625	2.725001	0
16.350001	5.45	0
19.075	8.175001	0
21.8	10.900001	0
24.525	13.625	0
27.25	16.350001	0
29.975	19.075001	0
13.625	0	2.725001
16.350001	2.725001	2.725001
19.075001	5.45	2.725001
21.8	8.175001	2.725001
24.525001	10.900001	2.725001
27.25	13.625	2.725001
29.975	16.350001	2.725001
16.350001	0	5.45
19.075001	2.725001	5.45
21.8	5.45	5.45
24.525	8.175001	5.45
27.25	10.900001	5.45
29.975	13.625	5.45
19.075	0	8.175001
21.8	2.725001	8.175001
24.525	5.45	8.175001
27.25	8.175001	8.175001
29.975	10.900001	8.175001
21.8	0	10.900001
24.525001	2.725001	10.900001
27.25	5.45	10.900001
29.975	8.175001	10.900001
24.525	0	13.625
27.25	2.725001	13.625
29.975	5.45	13.625
27.25	0	16.350001
29.975	2.725001	16.350001
29.975	0	19.075001
5.45	0	0
8.175001	2.725	0
10.9	5.450001	0
13.625	8.175001	0
16.350001	10.9	0
19.075001	13.625001	0
21.8	16.35	0
24.525001	19.075	0
27.250001	21.8	0
29.975	24.525	0
8.175001	0	2.725
10.9	2.725	2.725
13.625	5.450001	2.725
16.350001	8.175001	2.725
19.075	10.9	2.725
21.8	13.625001	2.725
24.525	16.35	2.725
27.25	19.075	2.725
29.975	21.8	2.725
10.9	0	5.450001
13.625	2.725	5.450001
16.350001	5.450001	5.450001
19.075001	8.175001	5.450001
21.8	10.9	5.450001
24.525001	13.625001	5.450001
27.25	16.35	5.450001
29.975	19.075	5.450001
13.625	0	8.175001
16.350001	2.725	8.175001
19.075001	5.450001	8.175001
21.8	8.175001	8.175001
24.525	10.9	8.175001
27.25	13.625001	8.175001
29.975	16.35	8.175001
16.350001	0	10.9
19.075	2.725	10.9
21.8	5.450001	10.9
24.525	8.175001	10.9
27.25	10.9	10.9
29.975	13.625001	10.9
19.075001	0	13.625001
21.8	2.725	13.625001
24.525001	5.450001	13.625001
27.25	8.175001	13.625001
29.975	10.9	13.625001
21.8	0	16.35
24.525	2.725	16.35
27.25	5.450001	16.35
29.975	8.175001	16.35
24.525001	0	19.075
27.25	2.725	19.075
29.975	5.450001	19.075
27.250001	0	21.8
29.975	2.725	21.8
29.975	0	24.525
0	0	0
2.725	2.725	0
5.45	5.45	0
8.175001	8.175001	0
10.9	10.9	0
13.625	13.625	0
16.350001	16.350001	0
19.075	19.075	0
21.8	21.8	0
24.525001	24.525001	0
27.25	27.25	0
29.975	29.975	0
2.725	0	2.725
5.45	2.725	2.725
8.175001	5.45	2.725
10.9	8.175001	2.725
13.625	10.9	2.725
16.350001	13.625	2.725
19.075001	16.350001	2.725
21.8	19.075	2.725
24.525001	21.8	2.725
27.250001	24.525001	2.725
29.975	27.25	2.725
5.45	0	5.45
8.175001	2.725	5.45
10.9	5.45	5.45
13.625	8.175001	5.45
16.350001	10.9	5.45
19.075	13.625	5.45
21.8	16.350001	5.45
24.525	19.075	5.45
27.25	21.8	5.45
29.975	24.525001	5.45
8.175001	0	8.175001
10.9	2.725	8.175001
13.625	5.45	8.175001
16.350001	8.175001	8.175001
19.075001	10.9	8.175001
21.8	13.625	8.175001
24.525001	16.350001	8.175001
27.25	19.075	8.175001
29.975	21.8	8.175001
10.9	0	10.9
13.625	2.725	10.9
16.350001	5.45	10.9
19.075001	8.175001	10.9
21.8	10.9	10.9
24.525	13.625	10.9
27.25	16.350001	10.9
29.975	19.075	10.9
13.625	0	13.625
16.350001	2.725	13.625
19.075	5.45	13.625
21.8	8.175001	13.625
24.525	10.9	13.625
27.25	13.625	13.625
29.975	16.350001	13.625
16.350001	0	16.350001
19.075001	2.725	16.350001
21.8	5.45	16.350001
24.525001	8.175001	16.350001
27.25	10.9	16.350001
29.975	13.625	16.350001
19.075	0	19.075
21.8	2.725	19.075
24.525	5.45	19.075
27.25	8.175001	19.075
29.975	10.9	19.075
21.8	0	21.8
24.525001	2.725	21.8
27.25	5.45	21.8
29.975	8.175001	21.8
24.525001	0	24.525001
27.250001	2.725	24.525001
29.975	5.45	24.525001
27.25	0	27.25
29.975	2.725	27.25
29.975	0	29.975
0	5.45	0
2.725	8.175001	0
5.450001	10.9	0
8.175001	13.625	0
10.9	16.350001	0
13.625001	19.075001	0
16.35	21.8	0
19.075	24.525001	0
21.8	27.250001	0
24.525	29.975	0
0	2.725	2.725
2.725	5.45	2.725
5.45	8.175001	2.725
8.175001	10.9	2.725
10.9	13.625	2.725
13.625	16.350001	2.725
16.350001	19.075001	2.725
19.075	21.8	2.725
21.8	24.525001	2.725
24.525001	27.250001	2.725
27.25	29.975	2.725
0	0	5.45
2.725	2.725	5.45
5.45	5.45	5.45
8.175001	8.175001	5.45
10.9	10.9	5.45
13.625	13.625	5.45
16.350001	16.350001	5.45
19.075001	19.075001	5.45
21.8	21.8	5.45
24.525001	24.525001	5.45
27.250001	27.250001	5.45
29.975	29.975	5.45
2.725	0	8.175001
5.45	2.725	8.175001
8.175001	5.45	8.175001
10.9	8.175001	8.175001
13.625	10.9	8.175001
16.350001	13.625	8.175001
19.075	16.350001	8.175001
21.8	19.075001	8.175001
24.525	21.8	8.175001
27.25	24.525001	8.175001
29.975	27.250001	8.175001
5.450001	0	10.9
8.175001	2.725	10.9
10.9	5.45	10.9
13.625	8.175001	10.9
16.350001	10.9	10.9
19.075001	13.625	10.9
21.8	16.350001	10.9
24.525001	19.075001	10.9
27.25	21.8	10.9
29.975	24.525001	10.9
8.175001	0	13.625
10.9	2.725	13.625
13.625	5.45	13.625
16.350001	8.175001	13.625
19.075001	10.9	13.625
21.8	13.625	13.625
24.525	16.350001	13.625
27.25	19.075001	13.625
29.975	21.8	13.625
10.9	0	16.350001
13.625	2.725	16.350001
16.350001	5.45	16.350001
19.075	8.175001	16.350001
21.8	10.9	16.350001
24.525	13.625	16.350001
27.25	16.350001	16.350001
29.975	19.075001	16.350001
13.625001	0	19.075001
16.350001	2.725	19.075001
19.075001	5.45	19.075001
21.8	8.175001	19.075001
24.525001	10.9	19.075001
27.25	13.625	19.075001
29.975	16.350001	19.075001
16.35	0	21.8
19.075	2.725	21.8
21.8	5.45	21.8
24.525	8.175001	21.8
27.25	10.9	21.8
29.975	13.625	21.8
19.075	0	24.525001
21.8	2.725	24.525001
24.525001	5.45	24.525001
27.25	8.175001	24.525001
29.975	10.9	24.525001
21.8	0	27.250001
24.525001	2.725	27.250001
27.250001	5.45	27.250001
29.975	8.175001	27.250001
24.525	0	29.975
27.25	2.725	29.975
29.975	5.45	29.975
0	10.9	0
2.725001	13.625	0
5.45	16.350001	0
8.175001	19.075	0
10.900001	21.8	0
13.625	24.525	0
16.350001	27.25	0
19.075001	29.975	0
0	8.175001	2.725
2.725	10.9	2.725
5.450001	13.625	2.725
8.175001	16.350001	2.725
10.9	19.075	2.725
13.625001	21.8	2.725
16.35	24.525	2.725
19.075	27.25	2.725
21.8	29.975	2.725
0	5.45	5.45
2.725	8.175001	5.45
5.45	10.9	5.45
8.175001	13.625	5.45
10.9	16.350001	5.45
13.625	19.075	5.45
16.350001	21.8	5.45
19.075	24.525	5.45
21.8	27.25	5.45
24.525001	29.975	5.45
0	2.725	8.175001
2.725	5.45	8.175001
5.45	8.175001	8.175001
8.175001	10.9	8.175001
10.9	13.625	8.175001
13.625	16.350001	8.175001
16.350001	19.075	8.175001
19.075001	21.8	8.175001
21.8	24.525	8.175001
24.525001	27.25	8.175001
27.250001	29.975	8.175001
0	0	10.9
2.725	2.725	10.9
5.45	5.45	10.9
8.175001	8.175001	10.9
10.9	10.9	10.9
13.625	13.625	10.9
16.350001	16.350001	10.9
19.075	19.075	10.9
21.8	21.8	10.9
24.525	24.525	10.9
27.25	27.25	10.9
29.975	29.975	10.9
2.725001	0	13.625
5.450001	2.725	13.625
8.175001	5.45	13.625
10.9	8.175001	13.625
13.625	10.9	13.625
16.350001	13.625	13.625
19.075001	16.350001	13.625
21.8	19.075	13.625
24.525001	21.8	13.625
27.25	24.525	13.625
29.975	27.25	13.625
5.45	0	16.350001
8.175001	2.725	16.350001
10.9	5.45	16.350001
13.625	8.175001	16.350001
16.350001	10.9	16.350001
19.075001	13.625	16.350001
21.8	16.350001	16.350001
24.525	19.075	16.350001
27.25	21.8	16.350001
29.975	24.525	16.350001
8.175001	0	19.075
10.9	2.725	19.075
13.625	5.45	19.075
16.350001	8.175001	19.075
19.075	10.9	19.075
21.8	13.625	19.075
24.525	16.350001	19.075
27.25	19.075	19.075
29.975	21.8	19.075
10.900001	0	21.8
13.625001	2.725	21.8
16.350001	5.45	21.8
19.075001	8.175001	21.8
21.8	10.9	21.8
24.525001	13.625	21.8
27.25	16.350001	21.8
29.975	19.075	21.8
13.625	0	24.525
16.35	2.725	24.525
19.075	5.45	24.525
21.8	8.175001	24.525
24.525	10.9	24.525
27.25	13.625	24.525
29.975	16.350001	24.525
16.350001	0	27.25
19.075	2.725	27.25
21.8	5.45	27.25
24.525001	8.175001	27.25
27.25	10.9	27.25
29.975	13.625	27.25
19.075001	0	29.975
21.8	2.725	29.975
24.525001	5.45	29.975
27.250001	8.175001	29.975
29.975	10.9	29.975
0	16.350001	0
2.725	19.075001	0
5.45	21.8	0
8.175001	24.525001	0
10.9	27.25	0
13.625	29.975	0
0	13.625	2.725001
2.725001	16.350001	2.725001
5.45	19.075001	2.725001
8.175001	21.8	2.725001
10.900001	24.525001	2.725001
13.625	27.25	2.725001
16.350001	29.975	2.725001
0	10.9	5.450001
2.725	13.625	5.450001
5.450001	16.350001	5.450001
8.175001	19.075001	5.450001
10.9	21.8	5.450001
13.625001	24.525001	5.450001
16.35	27.25	5.450001
19.075	29.975	5.450001
0	8.175001	8.175001
2.725	10.9	8.175001
5.45	13.625	8.175001
8.175001	16.350001	8.175001
10.9	19.075001	8.175001
13.625	21.8	8.175001
16.350001	24.525001	8.175001
19.075	27.25	8.175001
21.8	29.975	8.175001
0	5.450001	10.9
2.725	8.175001	10.9
5.45	10.9	10.9
8.175001	13.625	10.9
10.9	16.350001	10.9
13.625	19.075001	10.9
16.350001	21.8	10.9
19.075001	24.525001	10.9
21.8	27.25	10.9
24.525001	29.975	10.9
0	2.725001	13.625
2.725	5.450001	13.625
5.45	8.175001	13.625
8.175001	10.9	13.625
10.9	13.625	13.625
13.625	16.350001	13.625
16.350001	19.075001	13.625
19.075	21.8	13.625
21.8	24.525001	13.625
24.525	27.25	13.625
27.25	29.975	13.625
0	0	16.350001
2.725001	2.725001	16.350001
5.450001	5.450001	16.350001
8.175001	8.175001	16.350001
10.9	10.9	16.350001
13.625	13.625	16.350001
16.350001	16.350001	16.350001
19.075001	19.075001	16.350001
21.8	21.8	16.350001
24.525001	24.525001	16.350001
27.25	27.25	16.350001
29.975	29.975	16.350001
2.725	0	19.075001
5.45	2.725001	19.075001
8.175001	5.450001	19.075001
10.9	8.175001	19.075001
13.625	10.9	19.075001
16.350001	13.625	19.075001
19.075001	16.350001	19.075001
21.8	19.075001	19.075001
24.525	21.8	19.075001
27.25	24.525001	19.075001
29.975	27.25	19.075001
5.45	0	21.8
8.175001	2.725001	21.8
10.9	5.450001	21.8
13.625	8.175001	21.8
16.350001	10.9	21.8
19.075	13.625	21.8
21.8	16.350001	21.8
24.525	19.075001	21.8
27.25	21.8	21.8
29.975	24.525001	21.8
8.175001	0	24.525001
10.900001	2.725001	24.525001
13.625001	5.450001	24.525001
16.350001	8.175001	24.525001
19.075001	10.9	24.525001
21.8	13.625	24.525001
24.525001	16.350001	24.525001
27.25	19.075001	24.525001
29.975	21.8	24.525001
10.9	0	27.25
13.625	2.725001	27.25
16.35	5.450001	27.25
19.075	8.175001	27.25
21.8	10.9	27.25
24.525	13.625	27.25
27.25	16.350001	27.25
29.975	19.075001	27.25
13.625	0	29.975
16.350001	2.725001	29.975
19.075	5.450001	29.975
21.8	8.175001	29.975
24.525001	10.9	29.975
27.25	13.625	29.975
29.975	16.350001	29.975
0	21.8	0
2.725	24.525	0
5.450001	27.25	0
8.175	29.975	0
0	19.075001	2.725
2.725	21.8	2.725
5.45	24.525	2.725
8.175001	27.25	2.725
10.9	29.975	2.725
0	16.350001	5.45
2.725001	19.075001	5.45
5.45	21.8	5.45
8.175001	24.525	5.45
10.900001	27.25	5.45
13.625	29.975	5.45
0	13.625	8.175001
2.725	16.350001	8.175001
5.450001	19.075001	8.175001
8.175001	21.8	8.175001
10.9	24.525	8.175001
13.625001	27.25	8.175001
16.35	29.975	8.175001
0	10.9	10.9
2.725	13.625	10.9
5.45	16.350001	10.9
8.175001	19.075001	10.9
10.9	21.8	10.9
13.625	24.525	10.9
16.350001	27.25	10.9
19.075	29.975	10.9
0	8.175001	13.625
2.725	10.9	13.625
5.45	13.625	13.625
8.175001	16.350001	13.625
10.9	19.075001	13.625
13.625	21.8	13.625
16.350001	24.525	13.625
19.075001	27.25	13.625
21.8	29.975	13.625
0	5.45	16.350001
2.725	8.175001	16.350001
5.45	10.9	16.350001
8.175001	13.625	16.350001
10.9	16.350001	16.350001
13.625	19.075001	16.350001
16.350001	21.8	16.350001
19.075	24.525	16.350001
21.8	27.25	16.350001
24.525	29.975	16.350001
0	2.725	19.075001
2.725001	5.45	19.075001
5.450001	8.175001	19.075001
8.175001	10.9	19.075001
10.9	13.625	19.075001
13.625	16.350001	19.075001
16.350001	19.075001	19.075001
19.075001	21.8	19.075001
21.8	24.525	19.075001
24.525001	27.25	19.075001
27.25	29.975	19.075001
0	0	21.8
2.725	2.725	21.8
5.45	5.45	21.8
8.175001	8.175001	21.8
10.9	10.9	21.8
13.625	13.625	21.8
16.350001	16.350001	21.8
19.075001	19.075001	21.8
21.8	21.8	21.8
24.525	24.525	21.8
27.25	27.25	21.8
29.975	29.975	21.8
2.725	0	24.525
5.45	2.725	24.525
8.175001	5.45	24.525
10.9	8.175001	24.525
13.625	10.9	24.525
16.350001	13.625	24.525
19.075	16.350001	24.525
21.8	19.075001	24.525
24.525	21.8	24.525
27.25	24.525	24.525
29.975	27.25	24.525
5.450001	0	27.25
8.175001	2.725	27.25
10.900001	5.45	27.25
13.625001	8.175001	27.25
16.350001	10.9	27.25
19.075001	13.625	27.25
21.8	16.350001	27.25
24.525001	19.075001	27.25
27.25	21.8	27.25
29.975	24.525	27.25
8.175	0	29.975
10.9	2.725	29.975
13.625	5.45	29.975
16.35	8.175001	29.975
19.075	10.9	29.975
21.8	13.625	29.975
24.525	16.350001	29.975
27.25	19.075001	29.975
29.975	21.8	29.975
0	27.25	0
2.725001	29.975	0
0	24.525	2.725
2.725	27.25	2.725
5.450001	29.975	2.725
0	21.8	5.45
2.725	24.525	5.45
5.45	27.25	5.45
8.175001	29.975	5.45
0	19.075	8.175001
2.725001	21.8	8.175001
5.45	24.525	8.175001
8.175001	27.25	8.175001
10.900001	29.975	8.175001
0	16.350001	10.9
2.725	19.075	10.9
5.450001	21.8	10.9
8.175001	24.525	10.9
10.9	27.25	10.9
13.625001	29.975	10.9
0	13.625	13.625
2.725	16.350001	13.625
5.45	19.075	13.625
8.175001	21.8	13.625
10.9	24.525	13.625
13.625	27.25	13.625
16.350001	29.975	13.625
0	10.9	16.350001
2.725	13.625	16.350001
5.45	16.350001	16.350001
8.175001	19.075	16.350001
10.9	21.8	16.350001
13.625	24.525	16.350001
16.350001	27.25	16.350001
19.075001	29.975	16.350001
0	8.175001	19.075
2.725	10.9	19.075
5.45	13.625	19.075
8.175001	16.350001	19.075
10.9	19.075	19.075
13.625	21.8	19.075
16.350001	24.525	19.075
19.075	27.25	19.075
21.8	29.975	19.075
0	5.45	21.8
2.725001	8.175001	21.8
5.450001	10.9	21.8
8.175001	13.625	21.8
10.9	16.350001	21.8
13.625	19.075	21.8
16.350001	21.8	21.8
19.075001	24.525	21.8
21.8	27.25	21.8
24.525001	29.975	21.8
0	2.725	24.525
2.725	5.45	24.525
5.45	8.175001	24.525
8.175001	10.9	24.525
10.9	13.625	24.525
13.625	16.350001	24.525
16.350001	19.075	24.525
19.075001	21.8	24.525
21.8	24.525	24.525
24.525	27.25	24.525
27.25	29.975	24.525
0	0	27.25
2.725	2.725	27.25
5.45	5.45	27.25
8.175001	8.175001	27.25
10.9	10.9	27.25
13.625	13.625	27.25
16.350001	16.350001	27.25
19.075	19.075	27.25
21.8	21.8	27.25
24.525	24.525	27.25
27.25	27.25	27.25
29.975	29.975	27.25
2.725001	0	29.975
5.450001	2.725	29.975
8.175001	5.45	29.975
10.900001	8.175001	29.975
13.625001	10.9	29.975
16.350001	13.625	29.975
19.075001	16.350001	29.975
21.8	19.075	29.975
24.525001	21.8	29.975
27.25	24.525	29.975
29.975	27.25	29.975
0	29.975	2.725001
0	27.25	5.450001
2.725	29.975	5.450001
0	24.525001	8.175001
2.725	27.25	8.175001
5.45	29.975	8.175001
0	21.8	10.900001
2.725001	24.525001	10.900001
5.45	27.25	10.900001
8.175001	29.975	10.900001
0	19.075001	13.625001
2.725	21.8	13.625001
5.450001	24.525001	13.625001
8.175001	27.25	13.625001
10.9	29.975	13.625001
0	16.350001	16.350001
2.725	19.075001	16.350001
5.45	21.8	16.350001
8.175001	24.525001	16.350001
10.9	27.25	16.350001
13.625	29.975	16.350001
0	13.625001	19.075001
2.725	16.350001	19.075001
5.45	19.075001	19.075001
8.175001	21.8	19.075001
10.9	24.525001	19.075001
13.625	27.25	19.075001
16.350001	29.975	19.075001
0	10.900001	21.8
2.725	13.625001	21.8
5.45	16.350001	21.8
8.175001	19.075001	21.8
10.9	21.8	21.8
13.625	24.525001	21.8
16.350001	27.25	21.8
19.075	29.975	21.8
0	8.175001	24.525001
2.725001	10.900001	24.525001
5.450001	13.625001	24.525001
8.175001	16.350001	24.525001
10.9	19.075001	24.525001
13.625	21.8	24.525001
16.350001	24.525001	24.525001
19.075001	27.25	24.525001
21.8	29.975	24.525001
0	5.450001	27.25
2.725	8.175001	27.25
5.45	10.900001	27.25
8.175001	13.625001	27.25
10.9	16.350001	27.25
13.625	19.075001	27.25
16.350001	21.8	27.25
19.075001	24.525001	27.25
21.8	27.25	27.25
24.525	29.975	27.25
0	2.725001	29.975
2.725	5.450001	29.975
5.45	8.175001	29.975
8.175001	10.900001	29.975
10.9	13.625001	29.975
13.625	16.350001	29.975
16.350001	19.075001	29.975
19.075	21.8	29.975
21.8	24.525001	29.975
24.525	27.25	29.975
27.25	29.975	29.975
0	29.975	8.175
0	27.25	10.9
2.725	29.975	10.9
0	24.525	13.625
2.725001	27.25	13.625
5.45	29.975	13.625
0	21.8	16.35
2.725	24.525	16.35
5.450001	27.25	16.35
8.175001	29.975	16.35
0	19.075	19.075
2.725	21.8	19.075
5.45	24.525	19.075
8.175001	27.25	19.075
10.9	29.975	19.075
0	16.35	21.8
2.725	19.075	21.8
5.45	21.8	21.8
8.175001	24.525	21.8
10.9	27.25	21.8
13.625	29.975	21.8
0	13.625	24.525
2.725	16.35	24.525
5.45	19.075	24.525
8.175001	21.8	24.525
10.9	24.525	24.525
13.625	27.25	24.525
16.350001	29.975	24.525
0	10.9	27.25
2.725001	13.625	27.25
5.450001	16.35	27.25
8.175001	19.075	27.25
10.9	21.8	27.25
13.625	24.525	27.25
16.350001	27.25	27.25
19.075001	29.975	27.25
0	8.175	29.975
2.725	10.9	29.975
5.45	13.625	29.975
8.175001	16.35	29.975
10.9	19.075	29.975
13.625	21.8	29.975
16.350001	24.525	29.975
19.075001	27.25	29.975
21.8	29.975	29.975
0	29.975	13.625
0	27.25	16.350001
2.725001	29.975	16.350001
0	24.525001	19.075
2.725	27.25	19.075
5.450001	29.975	19.075
0	21.8	21.8
2.725	24.525001	21.8
5.45	27.25	21.8
8.175001	29.975	21.8
0	19.075	24.525001
2.725	21.8	24.525001
5.45	24.525001	24.525001
8.175001	27.25	24.525001
10.9	29.975	24.525001
0	16.350001	27.25
2.725	19.075	27.25
5.45	21.8	27.25
8.175001	24.525001	27.25
10.9	27.25	27.25
13.625	29.975	27.25
0	13.625	29.975
2.725001	16.350001	29.975
5.450001	19.075	29.975
8.175001	21.8	29.975
10.9	24.525001	29.975
13.625	27.25	29.975
16.350001	29.975	29.975
0	29.975	19.075001
0	27.250001	21.8
2.725	29.975	21.8
0	24.525001	24.525001
2.725	27.250001	24.525001
5.45	29.975	24.525001
0	21.8	27.250001
2.725	24.525001	27.250001
5.45	27.250001	27.250001
8.175001	29.975	27.250001
0	19.075001	29.975
2.725	21.8	29.975
5.45	24.525001	29.975
8.175001	27.250001	29.975
10.9	29.975	29.975
0	29.975	24.525
0	27.25	27.25
2.725	29.975	27.25
0	24.525	29.975
2.725	27.25	29.975
5.45	29.975	29.975
0	29.975	29.975
