0.288917
0.010154
-0.054908
0.839475
0.259925
0.472934
0.089747
-0.038823
-0.666764
0.407880
-0.731096
0.082762
0.802542
-0.378037
0.358056
0.547394
0.236461
-0.180453
0.632168
0.410702
-0.508667
-0.413564
0.357213
0.356097
-0.189151
0.111273
-0.457580
0.071948
0.633883
-0.350880
-0.644287
-0.766936
-0.286768
0.427563
0.022016
-0.903248
0.546797
-0.351282
0.148689
-0.576624
0.330468
0.602207
-0.274336
0.623081
1.128460
-0.032492
-0.497752
0.603216
-0.677920
0.378046
0.156417
-0.622167
0.579378
-0.346114
0.786361
-1.058160
0.039836
0.268792
-0.774225
0.629739
-0.323605
-0.119865
-0.253555
-0.306003
-0.284944
-0.153370
-0.280565
-0.483924
0.169771
0.107181
-0.118610
-0.444216
-0.315698
0.033133
-0.164097
-0.091038
-0.054814
-0.567503
0.071344
-0.061796
-0.562322
-0.450577
-0.055852
-0.290974
0.296503
0.202485
0.246495
0.196434
0.292399
0.685481
0.156889
0.533883
-0.630138
-0.316790
-0.126552
-0.024623
0.263982
-0.040853
-0.408133
-1.139560
-0.631712
-0.291926
-0.363023
0.192948
0.215812
-0.760802
0.123228
0.164963
-0.196001
0.518554
-0.399212
-0.468015
0.119205
0.092333
0.275953
-0.124449
0.023024
0.027328
-0.530665
0.057209
-0.018430
0.537346
-0.260758
-0.271728
-0.187283
0.153947
0.266339
0.112876
0.453112
-0.357092
0.610782
0.735227
0.155927
-0.046094
0.539529
0.350491
-0.156346
-0.158418
0.382524
-0.649098
-0.697239
-0.489694
0.454701
-0.366982
-0.117161
0.356522
-0.282374
0.251970
0.100008
-0.040777
0.086772
-0.089454
0.479526
0.012067
0.221818
-0.486714
0.464518
0.154347
-0.190676
0.915587
-0.712453
0.368882
-0.046134
0.988347
-0.609249
-0.237218
0.994271
-0.345348
0.221883
0.102986
0.808661
0.471636
-0.459558
0.346638
-0.214301
-0.071323
0.567039
0.597674
-0.198981
0.231447
-0.967359
-0.115391
0.428929
-0.025923
-0.817510
-0.325866
0.362590
-0.089883
0.250293
-0.457917
0.221286
0.113125
