-0.118473
-0.162289
0.238872
-0.809102
-0.143735
0.255127
-0.613686
0.893109
0.945350
0.026576
-0.118939
-0.618665
0.110618
0.324833
-0.411917
-0.109675
-1.074430
0.014049
0.059389
-0.994791
0.302369
0.231425
0.165714
-0.113048
0.350005
-0.098605
-0.187787
-0.263724
-0.511517
0.584272
-0.239559
-0.510190
0.065763
0.379913
0.417867
0.437781
-0.203777
0.757459
0.262633
0.260374
-0.079706
-0.484898
0.205116
-0.131426
-0.187538
-0.495274
0.380727
-0.468311
0.086606
-0.358327
0.297414
0.276859
0.308021
0.185461
-0.713656
0.485569
0.124811
0.131546
0.987456
-0.105989
0.349065
-0.187765
0.525141
0.339341
0.060927
0.790969
-0.059423
0.637328
-0.106162
-0.598276
0.464605
0.295282
-0.178835
0.262124
0.249751
0.068668
0.105058
-0.352562
0.449945
-0.375519
0.332571
1.269950
0.027530
0.605750
-0.843762
-0.069003
-0.684827
-0.166898
-0.341032
-0.950717
-0.052019
-0.175575
-0.106607
-0.265027
0.396257
0.269272
0.496909
-0.714131
0.364784
0.834572
0.044799
0.006227
0.002136
-0.144214
-0.148766
0.751031
-0.002285
-0.443392
-0.557357
0.000746
0.090717
-0.434726
-0.076636
0.475108
-0.225133
0.866204
-0.167394
-0.162956
-0.155927
0.687439
0.246280
-0.155050
0.377119
-0.368452
0.043081
0.499831
-0.658395
0.160836
-0.348839
0.811539
-0.872899
-0.744555
0.206706
0.042160
-0.224471
0.872841
-0.355626
0.390827
0.410581
-0.088201
0.576504
0.337847
0.163203
-0.136538
0.143410
-0.533365
-0.115763
-0.162804
0.275661
-0.484709
0.187979
-0.117998
-0.171286
0.515426
-0.971595
-0.032132
-0.442531
0.322038
0.063978
-0.322106
-0.375179
-0.814687
-0.166378
-0.305585
0.308981
0.256382
-0.899262
0.246647
0.466178
-0.185001
-1.534810
-0.390831
1.167520
-0.332286
-0.408591
0.333700
-0.056102
-0.557954
0.019046
-0.235015
0.456415
-0.372084
-0.035426
0.484207
0.786742
0.445904
-1.098290
0.448838
-0.059201
-0.388158
0.308733
-0.452306
