-0.557993
-0.366341
0.116441
0.241774
-0.013685
-0.516931
-0.051500
-0.064771
0.223125
-0.323049
-0.327195
-0.079982
0.407669
0.235385
0.299398
-0.581464
0.149927
0.020843
0.233130
0.120628
0.377999
0.151294
-0.155238
-0.059541
-0.244069
-0.248167
-0.496771
0.184905
-0.115842
0.318045
0.706964
-0.317239
0.319519
0.242950
-0.013622
0.313457
-0.265044
-0.637475
-0.408106
0.168920
-0.035943
-0.195219
0.328125
-0.662157
0.053937
-0.175990
0.225718
0.137442
-0.303946
0.508378
-0.178285
0.233253
-0.312675
-0.337870
0.148021
0.213252
-0.297275
0.129516
0.247631
0.012880
-0.048406
-0.162028
0.109657
-0.025403
0.204446
0.213553
0.143553
0.342084
-0.488578
-0.249353
0.091681
0.201889
0.088748
-0.002835
0.049708
0.309080
-0.293142
-0.173292
-0.331034
-0.202329
-0.425174
-0.001724
0.260013
-0.186589
0.060875
-0.170841
0.231365
-0.065052
-0.677735
0.024330
0.254429
0.399020
-0.207367
-0.453752
0.645757
-0.260918
0.109461
0.182002
0.024839
0.391587
-0.181952
-0.194728
-0.438478
-0.220356
-0.305451
0.138019
-0.204200
0.415355
0.394396
-0.216204
-0.013424
0.555922
-0.052995
-0.175574
0.135354
-0.514572
-0.207897
-0.527934
0.335123
0.392485
0.422588
0.224273
0.155833
0.351435
-0.210359
0.104728
-0.644940
0.151494
0.264709
-0.352780
0.393523
-0.555724
-0.202308
0.267021
0.298063
-0.461910
0.217619
0.151124
-0.640296
0.013587
0.283587
0.420563
-0.060753
0.188466
-0.519175
-0.004234
0.064408
-0.336158
0.698410
-0.010355
0.690727
0.026742
-0.093565
0.275213
-0.578789
0.242411
-0.059078
-0.728259
0.739627
0.785798
-0.330754
0.121728
0.627293
-0.242901
-0.566433
-0.589660
0.011114
0.085118
-0.316895
0.495534
0.076693
-0.424669
0.254731
0.017740
-0.251766
0.449518
-0.174251
0.597361
0.107615
-0.311224
-0.180498
0.586446
0.255749
0.371481
0.050522
-0.179114
-0.035127
0.106460
0.046000
-0.640952
0.109938
0.147383
