0.619803
-0.088562
-0.256622
0.949995
-0.438394
0.483273
-0.284184
-0.385501
-0.002561
0.412750
-0.084321
-0.307841
0.615849
0.289236
0.290309
-0.600917
0.166314
0.248498
-0.430903
0.485861
-0.174844
-0.228858
0.570175
-0.417901
-0.235689
0.178273
0.270726
-0.249565
0.579348
-0.223442
0.457635
-0.550365
-0.765066
0.409271
-0.807845
-0.727699
0.448718
0.122488
-0.195208
0.396957
-0.103944
0.235595
-0.141782
0.412732
0.508900
0.112764
-0.011189
0.527642
-0.020066
0.181407
-0.591599
-0.231887
-0.044870
0.104909
-0.807950
-0.558747
0.628159
-0.536921
-0.584516
0.625641
-0.354281
0.652401
-0.682928
0.047117
0.857151
-0.277853
-0.624898
-0.459412
1.214040
0.364577
-0.053846
-0.241808
-0.282729
-0.059648
0.013508
-0.367340
-0.110653
0.191454
0.301413
0.044435
-0.135366
0.212292
-0.879774
-0.225626
0.395033
0.117251
-0.516560
-0.630296
0.643037
1.109930
-0.052923
0.279428
-0.422611
0.273311
-0.683071
-0.280932
-0.440190
-0.085675
-0.260642
-0.446566
-0.067658
-0.038878
0.214800
0.485099
0.235916
-0.347427
0.010107
0.694501
-0.047844
-0.531216
-0.098522
0.277814
0.195497
-0.150179
0.297417
-0.617852
-0.002755
-0.115796
0.219645
-0.535768
-0.443866
0.201396
0.252457
-0.069867
-0.085444
-0.082515
0.426739
-0.171402
0.243695
-0.292113
0.150416
0.282088
-0.279619
-0.222422
0.171932
0.156775
0.021876
0.197133
0.688395
-0.323921
-1.655750
-0.798944
0.363190
-0.483945
-0.428559
-0.174008
-0.089485
0.578127
0.241009
0.217639
0.307187
-0.014840
0.001231
0.363778
0.092295
-0.407877
0.922222
0.045317
0.114734
0.021898
-0.853670
0.277448
-0.043827
0.299888
-0.206628
0.075248
0.929994
-0.475267
-0.255635
0.088479
0.244183
-0.027094
-0.257215
0.186676
-0.028762
-0.160999
0.328624
0.484145
0.104170
0.491093
-0.346159
0.422743
0.003433
-0.646095
-0.358897
-0.126997
-0.001426
0.207089
0.168438
0.308949
0.172129
0.497871
