0.039784
0.109662
-0.012954
0.519124
0.528817
0.420360
0.322122
-0.200694
-0.736403
0.296339
-0.856013
0.366452
0.660294
-0.546656
0.544500
0.801882
0.179798
-0.240489
0.738176
0.577271
-0.296253
-0.295539
-0.066968
0.208875
-0.331619
0.288982
-0.280298
0.208091
0.509660
-0.764817
-0.514018
-0.662245
-0.296100
0.427032
-0.198501
-0.584763
0.386620
-0.511763
0.260783
-0.627275
0.503370
0.773023
-0.409772
0.806665
0.851097
-0.106932
-0.262636
0.701201
-0.642545
0.487625
0.279769
-0.594592
0.557056
0.142773
0.730175
-0.753860
0.061146
0.224875
-0.741293
0.497938
-0.586403
0.111624
-0.082290
-0.330987
-0.256559
-0.266585
-0.230747
-0.383721
0.291432
0.183000
0.016960
-0.403170
-0.261738
0.087591
0.101218
-0.117015
-0.022421
-0.539379
-0.204274
-0.048214
-0.359470
-0.434633
0.193239
-0.284280
0.450772
0.116377
0.078223
0.307187
0.293252
0.531004
-0.013267
0.215640
-0.551368
-0.261043
0.045915
-0.090676
0.272003
0.006066
-0.292752
-0.697434
-0.718354
-0.451886
-0.133944
0.083866
-0.077215
-1.094110
0.112315
0.120207
0.133096
0.720012
-0.403007
-0.393458
0.238339
-0.108181
-0.065839
-0.287294
-0.021470
0.142173
-0.176856
0.087405
-0.208807
0.528715
-0.416294
-0.029418
-0.045420
0.090254
0.175099
0.133154
0.219323
-0.601290
0.669794
0.901658
0.222146
0.170826
0.573842
0.187311
-0.203437
-0.253536
0.420816
-0.664908
-0.672171
-0.389566
0.112612
-0.265444
0.046329
0.219705
-0.373602
0.125449
-0.046491
0.084011
0.104623
-0.245628
0.414649
-0.086567
0.144523
-0.262219
0.537990
-0.167376
-0.267114
0.920217
-0.323966
0.420457
-0.022193
0.507372
-0.685809
-0.188763
0.787971
-0.455054
0.073314
-0.157941
0.586672
0.288173
-0.692166
0.401551
-0.020884
0.023964
0.427072
0.623519
-0.213283
-0.063616
-0.978638
0.228456
0.217818
-0.260021
-0.756621
-0.108860
0.645039
-0.245046
0.442505
-0.079437
0.139135
-0.129692
