-0.295391
-0.590410
0.153366
-0.014380
0.192206
-0.397440
0.174596
0.401042
0.351597
-0.010270
-0.250926
0.146850
-0.185322
-0.299148
0.431420
0.109084
-0.092656
-0.173156
0.396516
-0.268766
0.463176
-0.125249
-0.254963
0.037604
0.021980
-0.200086
-0.179859
-0.281975
0.075224
0.110934
0.196837
-0.396441
0.062753
0.273815
0.060106
0.558018
-0.494566
0.227570
0.059952
0.309510
-0.027822
-0.464824
0.623508
-0.472768
-0.349634
-0.102810
-0.071606
-0.657010
-0.213110
0.379720
0.565321
0.345443
-0.007105
-0.711191
0.131830
-0.242066
-0.765339
0.576865
0.556484
-0.521954
0.108140
-0.369628
0.123065
0.291424
-0.375288
-0.272666
0.286096
0.194576
-0.189780
-0.140441
0.192942
0.049501
0.393555
0.187925
0.316749
-0.221980
0.281248
-0.044764
-0.035381
-0.255739
0.196766
-0.096045
0.391958
0.612337
-0.395375
-0.219518
0.119997
-0.237624
-0.086927
-0.765083
-0.321229
0.044259
-0.150563
-0.036175
0.415664
0.017312
0.140369
0.047079
0.360121
0.367427
0.578522
-0.244078
-0.148173
-0.334318
0.351961
0.746699
-0.050824
-0.401250
-0.442472
0.003363
-0.386346
0.212671
-0.154199
0.000072
-0.388883
-0.441633
-0.011975
-0.252191
0.394195
0.073617
0.220507
0.501680
-0.285330
-0.331403
0.115915
0.335047
-0.077634
0.215731
0.021888
0.362519
-0.743513
-0.269097
-0.049203
0.555831
-0.145748
-0.480392
-0.175838
0.198640
0.047410
0.096353
0.736894
0.293144
-0.095527
0.414372
0.220903
-0.553477
0.073693
-0.053012
0.194157
-0.193402
-0.445813
0.327454
0.207746
-0.230051
-0.026704
0.266545
-0.515489
0.100782
0.432228
-0.135612
0.371668
-0.174937
0.012913
-0.526107
0.436627
-0.130059
-0.372288
0.499054
0.093178
-0.242430
-0.398647
-0.525335
0.502065
-0.241830
0.389897
0.112541
0.145292
0.283302
-0.604443
-0.305358
-0.183586
0.223918
-0.091881
0.442696
0.841467
0.052003
-0.296787
0.106311
-0.102825
-0.179422
-0.086793
-0.086549
