0.574907
0.851716
-0.042239
-0.679312
0.205365
0.804122
0.126926
-0.569493
-0.210920
0.032828
0.079708
-0.209500
-0.271653
-0.169376
-0.707142
-0.115900
-0.621761
-0.107869
0.022414
-0.074788
-0.930541
0.278185
0.081108
-0.065512
-0.083396
-0.065873
0.454824
0.370361
0.013007
0.030739
-0.263221
0.237546
0.083181
0.350245
-0.089974
-0.303266
0.262370
0.158545
-0.241337
-0.480662
-0.259378
1.041660
-0.246952
0.638230
0.381739
0.504520
0.553904
0.253010
0.004722
-0.538542
-0.262489
-0.741415
0.191073
0.432012
-0.179756
0.365434
0.689586
-0.375585
-0.143358
0.606061
0.012517
0.400758
-0.054607
-0.354767
0.213410
0.509855
-0.065415
-0.028643
0.396398
-0.016647
-0.182884
0.163317
-0.546498
0.127904
-0.200976
-0.119675
-0.002144
-0.223416
0.036311
0.044684
-0.025761
0.052456
0.032874
-0.724734
0.064906
0.356534
-0.676336
0.387333
0.241032
0.436382
0.288396
-0.133674
0.110084
-0.045566
-0.617952
0.458625
0.292027
0.122403
-0.444832
-0.173445
-0.060357
0.442375
0.814043
-0.019920
-0.935295
-0.914129
0.205294
0.166225
-0.020644
-0.135652
0.017977
-0.658535
-0.209060
-0.143464
0.175984
0.616508
0.056886
0.500459
-0.267580
0.149251
-0.589466
-0.786306
0.541999
0.273621
0.067603
0.201803
-0.301059
0.137913
-0.171889
-0.026628
0.583676
0.677064
-0.122670
-0.686855
0.241799
0.020215
0.050952
0.013525
-0.000840
-0.229786
-0.292558
-0.215690
0.312126
-0.742316
0.205844
0.388095
-0.255328
-0.019900
-0.869271
-0.096182
0.457643
-0.578225
-0.226310
0.743166
0.105039
-0.498833
0.782434
-0.109841
-0.259580
-0.288120
-0.343939
-0.152105
-0.070753
0.447824
0.023090
0.299568
0.304421
-0.516685
0.006651
0.103129
0.354329
0.271547
-0.395627
0.296625
-0.213303
-0.009336
-0.429320
-1.015470
1.095860
0.352987
0.487202
-0.529454
-0.046257
-0.317293
-0.658088
-0.009471
0.314442
0.166526
-0.330571
0.520125
-0.113067
0.150112
