0.071021
-0.556581
-0.465564
-0.195764
-0.306413
-0.113262
-0.234085
0.279498
0.276399
-0.709996
0.209754
-0.219735
-0.282061
0.564291
-0.052537
-0.502875
-0.368578
-0.022350
-0.498318
0.258219
0.477574
0.018348
-0.120796
-0.041732
-0.243660
0.405357
0.594718
-0.094750
-0.439242
0.281769
0.021287
0.172642
0.313098
-0.052755
0.136381
0.484384
-0.836589
0.276655
0.602022
1.073610
-0.698680
-0.263794
0.785912
-0.434508
-0.143245
-0.366453
0.750062
-0.433305
0.328892
-0.060131
-0.819326
0.202876
-0.314422
0.482319
-0.396333
0.348092
0.055311
0.458010
-0.166761
0.013865
0.445068
-0.357537
0.062230
0.841294
0.147963
0.717145
0.051256
0.921496
0.082278
-0.261347
0.256053
-0.634778
0.044697
0.241062
0.090305
0.128578
-0.194539
0.579083
-0.488509
0.196216
0.382961
0.623805
0.391980
0.066717
-0.135566
0.088161
-0.723787
-0.312983
-0.601261
0.126833
0.315588
-0.205155
0.416802
-0.163718
0.076054
-0.886605
-0.289167
0.191648
0.532455
0.997310
0.124466
0.258991
0.428120
0.334053
-0.494178
0.355783
-0.698583
0.468588
1.114220
-0.728969
-0.180015
0.855912
-0.140033
-0.043557
0.103019
-0.407493
-0.876171
-0.314143
0.324167
0.283295
0.080603
-0.107809
0.102338
0.499099
-0.199509
-0.284623
-0.627803
-0.266793
-0.445056
-0.078711
-0.837167
-0.831666
-0.054543
-0.189799
-0.319005
-0.127633
0.490605
0.695117
-0.171816
0.414672
0.368490
-0.100079
-0.059088
0.198004
-0.481798
-0.017002
0.385162
-0.834895
0.664281
0.493125
0.406114
-0.251024
-0.259868
0.202028
-0.886371
0.800676
-0.269613
-0.117405
0.520321
-0.433842
-0.000688
-0.048632
-0.058907
-0.521836
0.351725
-0.484762
-0.385646
0.216567
-0.477200
0.326795
-0.745092
-0.364687
0.603639
-0.372678
0.359855
0.256120
-0.561476
0.082378
0.015176
-1.021350
0.694467
0.453805
-0.546495
-0.390463
-0.165322
0.077038
0.109022
0.577171
-0.129676
-0.362350
0.308606
0.121860
