-0.286092
0.070866
-0.270674
-0.457580
0.080814
-0.243025
-0.180335
0.288918
-0.063303
0.509714
-0.255029
-0.113176
0.189766
-0.546105
0.109524
0.802019
-0.462153
-0.259258
0.183482
-0.299177
0.138755
0.098744
0.517005
-0.423135
-0.137773
0.274101
0.053062
0.230876
-0.164979
-0.673960
-0.158261
0.341965
0.115380
-0.106879
0.181381
0.346621
-0.219477
0.148053
0.630721
-0.893463
0.194767
0.034467
-0.516422
0.653766
-0.261128
-0.070044
0.101634
0.473363
0.165267
-0.311200
0.160557
0.063600
-0.251926
1.069120
0.121768
0.594524
0.054280
0.031563
-0.349289
-0.390085
0.042275
0.048697
0.205087
-0.205015
0.315968
-0.041922
-0.218379
0.223721
0.343496
0.030958
0.224432
-0.086828
-0.315036
-0.207824
0.751330
-0.027694
-0.484974
0.156324
0.339177
0.106339
0.168968
0.436183
-0.383087
0.235993
-0.127908
0.305408
-0.563210
-0.017036
0.142816
-0.178278
0.244499
-0.473141
-0.329211
0.320325
0.101503
-0.355478
-0.207828
-0.387652
0.034635
0.038176
-0.697733
-0.257300
0.302935
-0.029222
-0.222896
-0.201521
0.331447
0.074315
0.306763
-0.039887
0.504985
-0.121963
0.259249
0.586405
-0.174158
0.449601
0.046308
0.146493
0.117897
0.195037
-0.412059
-0.202645
0.025846
-0.100354
0.584761
-0.151255
0.200420
-0.173779
-0.195892
-0.168191
-0.190381
0.552348
0.405301
0.260603
-0.299858
0.496813
0.196436
0.075504
0.203609
-0.181934
-0.399239
0.419638
-0.111817
-0.353371
-0.254482
-0.179795
-0.016019
0.055204
-0.279750
0.064570
-0.009150
-0.462085
-0.048451
0.357726
0.215918
-0.078692
0.048958
0.128481
-0.784729
-0.397026
-0.037349
-0.495485
-0.391412
-0.136904
0.008829
0.673063
0.108379
-0.192105
0.037154
-0.640190
0.071910
-0.183092
0.088622
0.279412
0.300108
0.044688
-0.003270
-0.494518
0.140157
0.116480
0.065195
-0.308526
-0.061083
-0.596891
-0.046323
0.188506
-0.365910
0.399967
0.310484
0.148180
0.051974
-0.370302
