0.721713
-0.447975
-0.431367
0.411236
-0.597938
0.590601
-0.070330
-0.335106
-0.372103
0.355904
-0.122829
0.116480
-0.267181
0.490528
0.387266
-0.267408
0.138054
0.056858
-0.019940
0.561205
-0.303127
-0.032260
0.012457
0.382101
-0.162531
0.507493
0.228726
-0.067778
0.269844
0.104668
-0.302692
0.231763
-0.258188
0.290749
-0.010373
0.229826
-0.005329
0.157513
0.183863
-0.060388
-0.826625
0.712170
0.226358
0.291011
0.250898
0.362307
0.549939
-0.352195
-0.247754
0.026904
-0.379383
-0.931197
0.126833
-0.158312
-0.153024
-0.465101
0.100650
0.363100
-0.641716
0.502737
0.231801
-0.388419
-0.696709
0.557837
0.121301
0.060406
-0.113836
0.006449
0.432196
-0.147726
-0.400971
-0.043740
-0.329498
0.815635
-0.265234
-0.414870
0.283756
0.235646
-0.320255
0.039683
0.215696
-0.027994
0.036314
-0.378204
0.349883
0.243950
-0.330617
-0.532751
0.656911
1.161100
0.014606
0.219125
0.201583
-0.253887
-0.523520
-0.631254
-0.494907
0.237900
-0.458336
-0.490302
-0.141284
0.397114
0.560674
0.276246
-0.236878
-0.308263
-0.090904
0.406335
0.446150
-0.913519
-0.652837
0.148969
-0.370180
0.078302
0.861200
-0.107995
-0.390666
0.714985
-0.338449
-0.168063
-0.686440
-0.271856
0.076808
0.421057
-0.150272
-0.396523
0.524539
0.049099
0.304035
0.260016
0.116696
0.212223
-0.352655
-0.728670
-0.115658
-0.619904
0.136278
0.160662
-0.207060
-0.278785
-0.766613
-1.086890
0.674950
-0.512253
-0.160160
0.490717
-0.002806
-0.277327
-0.472570
0.248315
0.210548
-0.068672
0.136040
0.688201
0.396709
-0.405285
0.822324
0.166975
-0.172736
-0.440184
-0.784468
0.276829
-0.296196
0.737724
0.160571
-0.160837
1.029020
-0.292819
-0.486216
0.202149
0.987101
0.235783
-0.179363
0.206801
0.208134
-0.475917
0.120205
-0.130240
0.061809
-0.012208
0.403686
0.047633
-0.267999
-0.357155
-0.710359
-0.356260
0.666710
0.231461
-0.527753
0.224894
0.201804
0.411315
