0.502001
-0.131547
-0.229568
0.788849
-0.409050
0.420827
0.446236
-0.585417
-0.845072
0.325630
-0.190360
0.265629
0.073227
0.274653
0.373586
0.166449
0.581375
0.218689
-0.060110
0.125782
-0.688866
-0.050851
-0.275559
0.322080
0.073123
0.403701
-0.232314
0.160690
0.197003
-0.329888
-0.897406
-0.058274
-0.415159
-0.086758
0.444725
-0.593354
0.826757
-0.490849
0.082710
-0.686164
-0.088141
0.758967
-0.463107
0.671082
0.421373
0.309361
-0.329007
0.158756
-0.195815
-0.267399
-0.095857
-0.640448
0.366803
-0.307165
0.539192
-0.895267
0.129359
0.159169
-0.805685
0.492777
-0.177474
-0.173983
-0.395033
0.312268
-0.182359
-0.270056
0.253176
-0.778939
-0.357963
0.185030
-0.603776
-0.326369
-0.118829
0.237301
-0.687549
-0.110481
0.200115
-0.385405
-0.327971
0.364412
-0.205965
-0.386417
0.113076
-0.597261
0.477067
0.147817
0.600873
-0.024729
0.340433
0.581989
-0.045711
0.363418
0.113003
-0.408423
-0.224260
-0.323537
-0.351956
0.145765
-0.609316
-1.017740
-0.138295
0.109286
-0.166210
0.315325
0.345294
-0.757559
0.025798
-0.123031
0.065860
0.200831
-0.348869
-0.299320
-0.267312
0.132774
0.374629
0.091279
0.301392
0.560008
-0.686249
-0.216289
-0.285024
-0.021313
-0.195237
0.034931
-0.277632
-0.192951
0.805777
0.224608
0.393524
0.122081
0.569548
0.553548
-0.033452
-0.393449
0.266364
-0.240215
-0.079452
-0.181254
-0.181782
-0.163170
-0.525845
-0.962236
0.527290
-0.000567
0.276280
0.629014
-0.035132
-0.026121
-0.367382
0.158067
-0.075750
0.245161
0.375374
0.128816
0.755634
-0.318532
0.173470
0.416718
-0.263263
0.367589
-0.317142
0.844557
-0.072020
1.210860
-0.219136
-0.082768
0.837552
-0.115837
-0.107701
0.264953
1.073730
0.577377
-0.587476
0.287633
-0.223399
-0.362703
0.514956
0.325564
-0.200128
0.229607
-0.269940
-0.176701
0.243835
-0.070860
-0.590679
-0.406359
0.679141
-0.327786
-0.016513
-0.184999
0.154705
0.283955
