-0.335384
-0.304204
-0.529535
-0.651345
0.112018
-0.539761
-0.016017
0.317075
-0.030325
-0.177324
-0.073434
0.180173
-0.592980
-0.386965
0.110386
0.928902
-0.175826
-0.517202
0.159235
0.047329
0.545027
-0.143022
-0.280961
0.049436
-0.194964
0.405171
0.476861
-0.029414
-0.339182
-0.469513
-0.067191
0.598320
0.102182
-0.240296
-0.311217
0.900805
-1.113560
0.269236
0.991939
0.392279
-0.218534
-0.372473
0.344724
-0.087624
-0.744155
-0.149524
0.366258
-0.485621
0.048075
0.146266
-0.037837
0.288832
-0.368389
0.813024
0.236750
0.492978
-0.535492
0.642804
-0.259265
-0.606838
0.193859
-0.408230
0.145470
0.451602
-0.631648
0.052522
-0.056440
0.905108
0.027179
0.106274
0.130645
-0.451774
-0.074437
0.163123
0.601008
0.172346
-0.194568
0.334759
-0.451974
0.018483
0.379733
0.180013
0.517998
0.169731
0.035538
-0.180769
-0.634362
-0.173197
-0.089277
-0.379258
0.056667
-0.778908
0.356005
0.221076
-0.024603
-0.666612
-0.038908
0.133342
0.722597
0.914563
-0.061546
-0.186694
0.225629
0.039185
-0.285426
0.293592
-0.183205
0.137541
1.000900
-0.128384
0.011703
0.711470
0.071540
0.297280
-0.241539
-0.329091
-0.428080
-0.139453
0.518433
0.377349
-0.274947
0.166210
-0.219158
0.234775
0.355316
-0.406374
-0.191300
-0.174414
-0.321355
-0.305961
-0.671639
-0.052408
-0.010691
0.465367
-0.398936
-0.000790
0.298192
0.380178
-0.081645
0.208582
0.582747
0.184563
-0.193229
0.352182
-0.068307
-0.035709
0.291075
-0.646083
0.179838
0.517788
-0.208130
-0.124861
0.032692
-0.429164
-0.481564
0.691080
-0.238311
-0.146643
-0.071896
-0.515908
0.704747
-0.254335
-0.491635
-0.773539
0.557011
-0.085582
-0.414427
0.392933
-0.510663
-0.232161
-0.431896
-0.361098
0.498565
-0.161631
0.855863
0.200063
-0.222850
-0.062466
-0.544227
-0.834478
0.266993
0.677568
-0.548451
-0.640575
0.087487
0.279750
0.486062
0.242150
0.256789
0.376838
0.271646
-0.292210
