0.551184
0.787319
-0.060141
-0.537502
0.383665
0.804191
0.421958
-0.911059
-0.404445
0.167178
-0.133667
0.026738
-0.303990
-0.347495
-0.372587
-0.103794
-0.326246
-0.176034
0.127446
0.337854
-1.033060
0.347929
-0.139042
-0.125999
-0.153854
-0.112695
0.449000
0.431933
0.269972
-0.233896
-0.055175
-0.048314
-0.178153
0.738406
-0.602998
-0.458289
0.432179
0.055838
-0.518434
-0.300471
-0.146090
1.388410
-0.235564
0.702455
0.565420
0.662901
0.525689
0.328706
-0.273720
-0.450087
-0.395430
-0.986724
0.382551
0.163249
-0.239980
0.087669
0.571681
-0.349109
-0.077212
0.792496
-0.407412
0.557004
-0.188568
-0.509500
0.184824
0.077471
0.026707
-0.294890
0.687888
0.191904
-0.228207
0.236985
-0.398053
0.150737
-0.301807
-0.347102
0.175483
-0.215511
-0.155106
-0.075331
0.017662
-0.305519
0.137414
-0.923975
0.279425
0.224757
-0.766805
0.406319
0.297886
0.646811
0.142973
0.023778
-0.101890
-0.114988
-0.863109
0.479763
0.184905
0.232239
-0.697280
-0.398112
0.179677
0.443595
1.046930
-0.118184
-0.753644
-1.082510
0.114573
0.296269
-0.116243
0.053092
-0.206744
-0.707421
-0.069258
-0.410955
0.040143
0.327858
0.264069
0.572926
-0.079992
0.041375
-0.722752
-0.610782
0.466882
0.423622
-0.045988
0.222065
-0.311335
0.248662
-0.053309
-0.297132
0.940341
1.066120
-0.246261
-0.530023
0.476545
-0.433880
-0.135695
0.013801
0.005748
-0.211860
-0.652253
-0.445990
0.264463
-0.813851
0.247309
0.413224
-0.360931
0.179190
-0.977122
-0.100534
0.400545
-0.438774
-0.222618
0.631135
0.272380
-0.635725
1.144530
-0.140136
-0.092336
-0.028427
-0.455808
0.154625
0.087365
0.466142
-0.053122
0.152370
0.532827
-0.604685
-0.123232
0.127894
0.673070
0.160404
-0.765819
0.431643
-0.176306
0.036876
-0.228530
-0.658264
1.127420
0.556304
0.093854
-0.259150
0.017529
-0.304289
-0.722816
-0.108584
0.711086
-0.107665
-0.261522
0.819219
-0.197048
0.351286
