0.337535
0.278836
0.387481
0.781710
0.160993
0.662001
0.378326
-0.228239
-0.679303
0.437552
-0.179958
0.022957
0.594733
-0.387045
0.060558
-0.071193
0.221256
0.229021
0.063093
0.159579
-0.690565
-0.088715
0.362470
-0.291326
0.153478
-0.245430
-0.049110
0.030841
0.342227
-0.328209
-0.256493
-0.423535
-0.510468
0.170272
-0.071301
-1.047710
1.120320
-0.366355
-0.165949
-0.872994
0.543256
0.306264
-0.716531
0.665349
0.607392
0.044270
-0.811945
0.692136
-0.129515
0.043358
0.169073
-0.341866
0.331608
-0.493262
0.411433
-0.774034
0.294035
-0.418429
-0.259580
0.493810
-0.516963
0.572924
-0.056959
-0.630227
0.126039
-0.641065
-0.234479
-1.043720
0.304094
0.254303
0.095958
0.080302
-0.155695
-0.564202
-0.067179
-0.232624
0.134130
-0.429178
0.391627
0.107290
-0.271406
-0.564784
-0.402348
-0.128944
0.095966
0.295890
0.510122
0.126722
0.535165
0.345103
-0.261177
0.350226
-0.662078
0.213979
-0.275927
0.473069
0.041921
-0.356532
-0.406925
-1.154850
-0.171791
-0.124971
-0.168470
0.264329
0.684146
-0.641228
0.617103
-0.369273
-1.016090
0.723714
-0.105315
-1.018840
0.177208
-0.061623
-0.187030
0.011699
0.534732
0.235999
-0.489609
-0.635084
0.136801
0.223623
-0.256821
-0.659570
-0.090673
0.391578
0.774703
-0.106965
0.214156
0.247722
0.621233
0.816832
0.420987
0.023566
0.351075
0.418090
-0.339334
-0.433441
0.804194
-0.547808
-0.801636
-0.444351
0.151458
-0.272717
0.269676
-0.027702
-0.478036
0.804286
-0.566678
-0.321306
-0.419115
0.301309
0.327801
-0.085031
0.991663
-0.560434
0.495729
0.387035
-0.533380
0.350787
-0.181430
0.361592
0.003782
0.843339
-0.344473
0.407361
0.733830
-0.271947
0.592160
-0.210214
0.542195
0.476158
-0.801986
0.326838
-0.316140
-0.305328
0.591059
0.394855
0.015400
0.852728
-0.702899
-0.412338
0.384645
0.059734
-0.180694
-0.010281
-0.206816
-0.452433
0.307063
-0.028983
-0.137928
0.176512
