-0.152656
0.086063
0.269855
0.041225
0.268383
0.046934
-0.495419
0.279684
0.023012
-0.402227
-0.136752
-0.090210
0.361286
-0.219074
-0.364724
-0.269091
-0.700280
-0.265328
0.470350
0.434273
0.351169
0.037722
0.374401
-0.267321
-0.337871
-0.047967
0.019727
0.172999
-0.182700
0.134977
0.562886
0.261357
0.285763
0.061095
0.100896
0.436944
-0.680665
-0.194028
0.149750
-0.228526
-0.626005
-0.471680
0.586198
-0.117280
-0.130608
-0.487531
0.539807
-0.148878
0.461208
0.557908
0.122918
-0.182021
-0.361721
0.330624
-0.086410
0.388687
0.158426
-0.074639
-0.208539
-0.155546
0.490728
-0.165682
0.025923
-0.107139
0.357760
0.638194
-0.433620
0.424747
0.185992
-0.416487
0.573394
-0.226247
0.034251
-0.112047
0.345305
0.067084
-0.166853
0.258312
0.125868
-0.645895
-0.062908
0.293099
-0.217885
0.359279
-0.146497
0.491276
-0.800384
0.073399
0.035343
0.073250
0.114879
-0.326956
-0.267910
0.302580
0.341457
-0.081522
-0.016129
0.149666
0.731864
0.840145
-0.719886
-0.001714
0.381084
0.259038
-0.480577
-0.064796
0.598483
0.253255
0.372029
-0.664978
0.200587
0.055859
0.413370
0.052727
0.122426
-0.079171
-0.554824
0.105785
0.171893
-0.059455
-0.336612
-0.059399
0.252296
0.038674
0.472461
0.279980
-0.315204
-0.592542
0.036346
-0.000616
-0.279592
-0.346949
0.113552
-0.238434
-0.166058
0.195772
0.441302
0.086101
0.481421
-0.389533
0.142811
0.091647
-0.311911
0.011434
-0.079417
0.096517
0.013768
-0.382579
0.154438
0.153264
-0.099066
-0.457803
0.014034
0.063789
-0.296577
0.408798
0.298780
-0.560786
-0.241018
-0.555717
0.249027
-0.668863
-0.265764
-0.719718
0.063953
-0.195593
0.099652
-0.247178
-0.091973
-0.224777
-0.252046
-0.104561
0.149196
0.169942
0.075528
-0.265683
-0.486405
-0.474551
0.634345
-0.226871
0.386611
0.131524
-0.351883
-0.163874
-0.018202
0.708185
-0.395684
0.608366
-0.140545
0.162979
0.163949
-0.238047
