0.055588
0.432797
0.292977
0.772815
-0.235238
0.251374
-0.337281
-0.619920
0.480708
0.522611
0.093918
0.009323
0.710034
0.695700
0.347752
-0.465979
0.641561
0.607529
-0.198567
-0.043050
-0.165399
-0.020097
0.049180
0.172382
0.122390
-0.136755
-0.967998
-0.171703
0.660684
0.244633
0.275725
-0.727328
-0.604499
0.242617
-0.359178
-0.743950
1.243160
0.037892
-1.415810
0.012429
0.468471
0.458272
-0.617162
0.279850
0.550085
0.414923
-0.283514
0.481008
-0.269017
-0.289611
0.154426
-0.135729
0.628427
-0.556252
-1.022860
-0.474284
0.639980
-0.982403
0.462867
0.712875
-0.736559
0.543843
-0.470317
-0.157563
0.759412
-0.253624
-0.106960
-1.112240
0.405821
0.305820
-0.489630
0.732436
0.039273
0.166998
-0.737372
-0.235033
0.345801
-0.476908
0.448043
-0.294765
-0.463255
0.250059
-0.930148
-0.134709
0.338753
-0.325924
0.632188
0.017556
0.345110
0.456085
-0.334715
0.757836
-0.036660
-0.252762
-0.223590
0.748174
-0.027957
-0.177092
-0.958363
-0.650300
-0.014396
-0.230281
-0.633095
-0.296692
0.479874
-0.059028
-0.031142
0.221978
-0.740539
0.006170
0.183919
-0.136063
0.183042
-0.275552
0.489162
0.045925
0.801119
-0.034754
-0.202670
-0.397578
-0.228441
0.186104
0.357921
0.002212
-0.301944
-0.231257
0.439484
0.455123
0.633927
0.019437
0.802992
-0.041642
-0.599759
-0.226887
0.385811
0.118526
-0.803581
-0.498074
0.055515
-0.245547
-1.370700
-0.464730
0.317373
-0.322945
0.126565
0.042637
-0.284891
0.922317
0.267015
-0.529036
0.371303
0.325398
-0.108316
0.218689
-0.093763
-1.151630
0.429001
0.016138
0.277439
1.031500
-1.126750
0.273021
0.418763
0.518694
-0.726524
0.091616
0.514508
-0.486611
0.006516
0.265276
0.332434
0.177119
-0.317487
0.161372
-1.045630
-0.293714
0.542711
0.444600
-0.090177
1.003310
-0.789164
-0.090820
0.804864
0.428757
0.143335
-0.404559
-0.269429
-0.519593
-0.004570
0.160396
-0.082637
0.211550
