0.530593
0.229543
-0.007630
0.688881
0.182482
0.275798
0.409888
-0.618733
-1.006380
0.077131
0.271739
0.385057
-0.142639
-0.549343
-0.158918
-0.064171
0.593030
-0.113057
0.118788
1.030780
-0.704494
-0.275169
0.369831
0.160230
-0.095948
-0.122863
0.344590
0.085817
0.559830
-0.183364
0.086107
0.517527
-0.100359
-0.134812
-0.412585
-0.714066
0.325368
-0.404634
-0.253289
-0.446781
-0.177755
0.341585
0.047458
0.080129
0.343222
0.419486
-0.486332
0.173094
-0.054222
0.263034
-0.269475
-0.594729
-0.234085
-0.641392
0.716431
-0.762008
-0.107039
0.000636
-0.742813
0.251300
-0.141686
0.071328
-0.594682
-0.531137
-0.253698
-0.651029
-0.180384
-0.725970
0.297882
0.389880
-0.207769
-0.202886
-0.015883
-0.447838
-0.324097
-0.227281
0.131101
0.349331
-0.067484
0.200668
-0.279111
-1.393790
-0.137621
-0.366228
0.449580
0.359033
0.299257
0.184307
0.651213
0.983125
-0.010303
0.241977
-0.207372
0.492123
-0.770721
0.104542
-0.241103
0.525856
-0.275354
-1.228760
-0.011067
0.293778
0.189616
0.358414
0.312740
-0.509026
0.379760
0.321344
-0.035445
-0.052627
-0.179107
-0.243077
0.108115
-0.229482
0.351791
-0.492293
0.121771
0.372066
-0.285115
-0.789590
-0.168118
0.045515
-0.246155
0.017360
-0.056356
-0.149769
0.736194
-0.425931
0.357357
-0.161649
0.640029
0.900338
-0.001231
-0.359550
0.090107
-0.576031
0.289934
-0.383516
0.067815
-0.163606
-0.559215
-0.517870
0.081015
-0.154339
-0.025160
0.646623
0.002990
0.262547
-0.537055
0.223581
-0.548031
0.215391
0.236173
-0.452862
1.199050
-0.251354
0.679643
-0.024041
-0.319726
-0.073149
0.279426
0.457088
-0.128783
0.671633
0.024918
-0.090429
1.049440
-0.199306
-0.055318
0.184867
1.650370
0.620222
-1.023210
0.381525
0.404914
-0.606528
0.139788
0.191800
0.200959
0.665161
-0.298438
-0.207721
0.021808
-0.258205
-0.809899
-0.308052
0.697669
-0.273459
-0.121323
0.374991
-0.246057
0.541303
