-0.443322
0.072657
0.147325
-1.217500
0.307797
-0.330959
0.065195
0.297350
0.169366
-0.090191
-0.125456
-0.331269
-0.229594
-0.295268
-0.533479
0.015500
-1.017710
-0.281252
0.157728
-0.503458
0.142034
0.604873
-0.074554
-0.780806
0.065189
-0.123751
0.274808
0.488321
-0.887054
-0.315533
0.081991
0.171582
0.526193
0.183397
0.221819
0.611352
-0.397436
0.012525
0.270098
-0.243032
-0.051071
-0.199353
0.036642
-0.039937
-0.590877
-0.215890
0.489678
-0.134041
0.496397
-0.510112
-0.181237
0.287245
-0.386721
0.673652
-0.255147
1.086600
0.061699
0.140691
0.438513
-0.696492
0.279874
-0.002172
0.622202
-0.274556
0.171737
0.346225
0.274596
0.569879
-0.169718
-0.461950
0.607587
0.145337
0.189210
-0.462256
0.538202
0.139241
-0.443642
0.113923
0.097713
-0.091825
0.409868
0.457099
0.232699
0.200472
-0.667151
0.020863
-0.913286
0.280543
-0.713230
-0.938931
0.315701
-0.516911
-0.292093
0.148899
0.317555
-0.017646
0.143446
-0.232432
0.472336
0.717107
0.110929
0.266545
0.564319
-0.115254
-0.698578
0.102422
0.260401
-0.201910
-0.145160
0.223195
0.445371
-0.363544
0.017187
0.258162
-0.343497
0.884127
-0.127354
0.057355
0.408070
0.752799
0.052032
-0.657421
0.391517
0.048552
0.410957
0.612825
-1.007450
0.048849
-0.578755
-0.058769
-0.163689
0.140920
0.446824
0.339729
-0.153677
0.107395
0.406592
0.306969
0.065075
0.252503
0.978811
0.841242
-0.274048
-0.217155
-0.033932
-0.363546
0.031586
-0.267582
-0.357612
-0.055331
0.018819
-0.536294
-0.297916
0.458927
-0.003671
0.572942
-0.458198
-0.109605
-0.278846
-0.705855
0.439693
-0.647375
0.018096
-0.605066
0.392099
0.346611
-0.772194
0.240690
0.374742
-0.382767
-0.687351
-0.501824
0.480077
0.041793
0.009186
0.520479
-0.589376
-0.910610
0.834078
-0.108213
0.648354
-0.429766
-0.214022
0.174514
0.429674
0.505030
-0.615820
0.465847
0.114088
-0.093050
-0.302731
-0.214407
