0.563109
0.198703
0.154998
0.984589
-0.500552
0.588353
0.350934
-0.651505
-0.272914
-0.056098
0.370248
0.267763
0.104574
0.827799
0.320840
-0.729242
1.050160
0.870677
-0.687857
0.118355
-0.589686
-0.133683
-0.282643
0.522417
0.215503
0.051808
-0.171974
-0.174995
0.457835
0.410966
-0.469678
-0.153545
-0.366899
-0.319962
0.376267
-0.922442
1.175080
-0.400687
-0.601568
-0.055181
0.266020
0.637465
-0.557990
0.155770
0.668731
0.382497
-0.579307
0.357990
-0.165055
-0.149154
-0.055899
-0.285230
0.442761
-0.803984
0.088163
-0.878431
0.477217
-0.417173
-0.197668
0.932877
-0.403860
0.301459
-0.325766
0.158346
0.160772
-0.146160
0.300984
-0.999928
-0.373895
0.304943
-0.745705
0.121473
0.014918
0.152881
-1.031450
-0.030967
0.444296
-0.299592
-0.241157
0.609649
-0.332487
-0.519667
-0.006134
-0.553492
0.483700
0.003291
1.417180
-0.071308
0.242890
0.762514
-0.227280
0.803611
0.523110
-0.514486
-0.101366
0.311434
-0.163982
0.148784
-0.938800
-1.019020
0.284242
0.060123
-0.572889
-0.012800
0.532528
-0.340346
-0.429208
-0.272893
-0.378658
0.164173
-0.422206
-0.144692
-0.486884
-0.473405
0.366900
-0.245834
0.407785
0.235882
-0.765272
-0.659457
0.339149
-0.048977
-0.214890
-0.038021
-0.795766
-0.241749
0.792787
0.255196
0.246443
0.258717
0.661696
-0.148870
-0.276220
-0.583335
0.270937
-0.269500
-0.427499
-0.485552
-0.431846
0.058856
-0.588894
-0.727793
0.338920
0.063503
0.301765
0.397441
-0.117246
0.348251
-0.010589
-0.194176
0.305951
0.482293
0.022469
0.018509
0.465854
-0.622255
0.028182
0.237221
0.223848
0.890676
-0.472906
0.964192
0.498601
1.097410
-0.618001
-0.180308
0.387267
-0.185880
0.072695
0.667064
0.612687
0.643217
-0.698424
-0.143199
-0.601567
-0.385416
0.423248
0.736275
-0.294715
0.267632
-0.270464
-0.188145
0.438707
0.358342
-0.400886
-0.841295
0.469461
-0.712459
-0.295241
-0.316518
-0.075250
0.432115
