-0.277185
-0.468002
0.002027
0.604625
0.104958
-0.488734
0.116221
0.355897
-0.075337
-0.241563
-0.007705
-0.007305
0.160478
-0.224261
0.524565
-0.003093
0.180442
-0.000624
0.043904
-0.293235
0.491837
-0.443325
-0.124769
0.147460
0.072202
-0.234524
-0.138955
-0.392469
0.193518
0.127931
0.208584
-0.081834
0.075346
-0.201715
0.390726
0.252421
-0.341618
-0.191987
0.153799
0.174999
0.145889
-0.817092
0.322981
-0.591522
-0.361496
-0.022437
-0.567297
-0.262469
-0.289084
0.515015
0.636721
0.638228
-0.177057
-0.888472
0.866044
-0.325017
-0.787107
0.451496
-0.097437
-0.452895
0.146826
-0.309473
-0.019656
0.289134
-0.470580
-0.295636
0.204991
0.188111
-0.589580
0.086416
0.003087
-0.197458
0.278790
-0.161653
0.203124
0.205377
-0.038144
-0.218325
-0.181955
0.135470
-0.248104
-0.450198
0.305833
0.343558
-0.138653
-0.254738
0.999882
-0.413168
-0.110499
-0.362486
-0.195482
0.084325
0.082599
0.006685
0.622177
-0.095764
0.131209
0.232223
0.599381
0.189747
0.157373
-0.401904
-0.923202
-0.183511
0.385340
0.547839
-0.121334
-0.265151
-0.142457
0.080964
-0.367537
0.440284
-0.233410
-0.096240
-0.297853
-1.040490
-0.083983
-0.583218
0.303031
-0.423728
0.572631
0.784823
-0.556257
-0.568935
-0.122957
0.299872
0.482031
0.060220
0.124014
0.326046
-0.636981
-0.512311
0.003191
0.595091
-0.014022
-0.300769
0.129345
0.049756
-0.154798
-0.134085
0.822834
0.342003
0.119705
0.818134
-0.060437
-0.250695
0.028093
-0.202512
0.430119
0.092106
-0.077606
0.359012
0.490722
-0.506116
0.053223
0.453081
-0.685856
-0.046031
0.480678
0.465517
0.509876
0.221609
0.082115
-0.215052
0.090262
-0.334916
-0.020982
0.541028
-0.063457
-0.025478
-0.081212
-0.179678
0.255483
-0.303457
0.433937
0.032251
0.299853
0.820824
-0.938084
-0.677167
-0.320268
0.625466
0.003690
0.198490
0.583074
-0.078681
-0.245558
0.145982
0.130252
-0.674265
0.016121
0.197171
